comboname,gnum,plycnt,result,pv,pcscnt,pacnt,pccnt,wpcs,bpcs
cannon_leopard,1,144,1/2-1/2,3,3,0,3,2,1
cannon_leopard,2,145,1-0,20,8,3,5,7,1
cannon_leopard,3,147,1-0,21,13,8,5,7,6
cannon_leopard,4,146,1/2-1/2,56,18,9,9,9,9
cannon_leopard,5,129,1-0,7,5,2,3,4,1
cannon_leopard,6,127,1-0,17,7,2,5,5,2
cannon_leopard,7,184,0-1,8,4,0,4,1,3
cannon_leopard,8,319,1/2-1/2,34,12,5,7,6,6
cannon_leopard,9,125,1-0,11,11,8,3,7,4
cannon_leopard,10,129,1-0,10,4,1,3,3,1
cannon_leopard,11,158,1/2-1/2,23,9,4,5,5,4
cannon_leopard,12,233,1-0,12,4,0,4,3,1
cannon_leopard,13,138,1/2-1/2,26,8,3,5,3,5
cannon_leopard,14,213,1-0,20,6,2,4,4,2
cannon_leopard,15,209,1-0,15,5,1,4,4,1
cannon_leopard,16,143,1/2-1/2,40,18,8,10,9,9
cannon_leopard,17,116,0-1,17,9,5,4,3,6
cannon_leopard,18,308,0-1,22,10,6,4,4,6
cannon_leopard,19,191,1-0,19,5,1,4,4,1
cannon_leopard,20,210,0-1,5,3,0,3,1,2
cannon_leopard,21,172,1/2-1/2,10,4,1,3,2,2
cannon_leopard,22,140,0-1,24,12,8,4,6,6
cannon_leopard,23,223,1-0,12,4,0,4,3,1
cannon_leopard,24,145,1-0,10,8,5,3,7,1
cannon_leopard,25,144,0-1,30,10,4,6,5,5
cannon_leopard,26,204,1/2-1/2,12,10,6,4,5,5
cannon_leopard,27,222,0-1,16,4,0,4,2,2
cannon_leopard,28,154,0-1,24,10,5,5,2,8
cannon_leopard,29,191,1-0,15,5,1,4,4,1
cannon_leopard,30,131,1-0,7,5,2,3,4,1
cannon_leopard,31,150,1/2-1/2,2,4,2,2,2,2
cannon_leopard,32,174,0-1,15,5,1,4,1,4
cannon_leopard,33,159,1-0,23,9,5,4,6,3
cannon_leopard,34,116,1/2-1/2,32,14,8,6,7,7
cannon_leopard,35,153,1-0,13,7,4,3,6,1
cannon_leopard,36,194,0-1,12,4,0,4,1,3
cannon_leopard,37,200,0-1,19,5,0,5,2,3
cannon_leopard,38,160,0-1,20,6,2,4,1,5
cannon_leopard,39,285,1-0,18,4,0,4,3,1
cannon_leopard,40,171,1-0,2,4,2,2,3,1
cannon_leopard,41,255,1/2-1/2,11,5,1,4,2,3
cannon_leopard,42,139,1-0,19,9,5,4,7,2
cannon_leopard,43,81,1/2-1/2,66,26,14,12,13,13
cannon_leopard,44,271,1-0,9,3,0,3,2,1
cannon_leopard,45,169,1-0,4,4,1,3,3,1
cannon_leopard,46,185,1-0,12,4,0,4,3,1
cannon_leopard,47,172,0-1,18,8,3,5,2,6
cannon_leopard,48,137,1-0,4,6,4,2,3,3
cannon_leopard,49,128,0-1,14,8,5,3,3,5
cannon_leopard,50,159,1/2-1/2,1,3,1,2,2,1
cannon_leopard,51,207,1-0,10,4,1,3,3,1
cannon_leopard,52,241,1-0,0,2,0,2,1,1
cannon_leopard,53,143,1/2-1/2,34,10,3,7,6,4
cannon_leopard,54,108,1/2-1/2,24,10,6,4,5,5
cannon_leopard,55,263,1/2-1/2,20,6,2,4,3,3
cannon_leopard,56,142,0-1,19,5,1,4,1,4
cannon_leopard,57,158,0-1,34,12,5,7,5,7
cannon_leopard,58,170,0-1,15,7,3,4,2,5
cannon_leopard,59,202,1/2-1/2,35,17,9,8,8,9
cannon_leopard,60,117,1-0,18,8,4,4,5,3
cannon_leopard,61,274,1/2-1/2,0,2,0,2,1,1
cannon_leopard,62,157,1-0,19,9,5,4,6,3
cannon_leopard,63,224,1/2-1/2,21,11,5,6,5,6
cannon_leopard,64,262,1/2-1/2,3,3,0,3,1,2
cannon_leopard,65,152,0-1,5,3,0,3,1,2
cannon_leopard,66,145,1/2-1/2,0,2,0,2,1,1
cannon_leopard,67,137,1/2-1/2,19,7,3,4,3,4
cannon_leopard,68,308,0-1,18,8,4,4,3,5
cannon_leopard,69,254,1/2-1/2,0,2,0,2,1,1
cannon_leopard,70,222,0-1,16,4,0,4,2,2
cannon_leopard,71,124,0-1,25,9,3,6,4,5
cannon_leopard,72,344,0-1,22,6,1,5,2,4
cannon_leopard,73,225,1-0,28,8,3,5,5,3
cannon_leopard,74,254,0-1,5,3,0,3,1,2
cannon_leopard,75,179,1/2-1/2,31,11,5,6,6,5
cannon_leopard,76,155,1/2-1/2,3,3,0,3,2,1
cannon_leopard,77,128,0-1,17,9,5,4,4,5
cannon_leopard,78,186,0-1,20,8,3,5,2,6
cannon_leopard,79,194,0-1,19,7,2,5,2,5
cannon_leopard,80,139,1-0,8,6,2,4,3,3
cannon_leopard,81,239,1/2-1/2,2,4,2,2,2,2
cannon_leopard,82,216,0-1,9,3,0,3,1,2
cannon_leopard,83,155,1-0,19,5,1,4,4,1
cannon_leopard,84,171,1-0,15,7,2,5,5,2
cannon_leopard,85,177,1-0,12,6,3,3,5,1
cannon_leopard,86,271,1-0,18,10,6,4,5,5
cannon_leopard,87,370,1/2-1/2,21,5,0,5,3,2
cannon_leopard,88,157,1-0,19,5,1,4,4,1
cannon_leopard,89,183,1-0,17,5,0,5,4,1
cannon_leopard,90,394,0-1,24,8,2,6,3,5
cannon_leopard,91,170,0-1,11,5,2,3,1,4
cannon_leopard,92,122,0-1,23,9,4,5,3,6
cannon_leopard,93,218,0-1,9,3,0,3,1,2
cannon_leopard,94,131,1-0,16,10,6,4,7,3
cannon_leopard,95,179,1/2-1/2,0,2,0,2,1,1
cannon_leopard,96,174,0-1,8,4,0,4,1,3
cannon_leopard,97,142,0-1,17,5,1,4,2,3
cannon_leopard,98,265,1-0,22,8,4,4,5,3
cannon_leopard,99,198,1/2-1/2,26,10,5,5,6,4
cannon_leopard,100,313,1-0,12,4,0,4,3,1
cannon_leopard,101,131,1-0,8,6,3,3,5,1
cannon_leopard,102,195,1-0,10,4,1,3,3,1
cannon_leopard,103,265,1/2-1/2,0,2,0,2,1,1
cannon_leopard,104,202,1/2-1/2,0,2,0,2,1,1
cannon_leopard,105,161,1-0,20,6,2,4,5,1
cannon_leopard,106,178,0-1,12,8,4,4,2,6
cannon_leopard,107,140,1/2-1/2,11,5,1,4,2,3
cannon_leopard,108,232,0-1,5,3,0,3,1,2
cannon_leopard,109,327,1-0,4,4,1,3,3,1
cannon_leopard,110,168,1/2-1/2,29,15,11,4,7,8
cannon_leopard,111,191,1-0,8,4,0,4,3,1
cannon_leopard,112,185,1-0,20,6,2,4,5,1
cannon_leopard,113,169,1-0,6,8,6,2,6,2
cannon_leopard,114,128,0-1,30,14,9,5,6,8
cannon_leopard,115,156,0-1,16,6,2,4,1,5
cannon_leopard,116,243,1-0,8,4,0,4,3,1
cannon_leopard,117,209,1-0,13,7,4,3,6,1
cannon_leopard,118,180,0-1,24,12,8,4,7,5
cannon_leopard,119,289,1/2-1/2,6,4,1,3,2,2
cannon_leopard,120,288,1/2-1/2,30,8,3,5,4,4
cannon_leopard,121,194,0-1,15,5,1,4,1,4
cannon_leopard,122,132,1/2-1/2,40,14,7,7,8,6
cannon_leopard,123,348,1/2-1/2,9,5,0,5,2,3
cannon_leopard,124,130,1/2-1/2,26,12,8,4,6,6
cannon_leopard,125,185,1-0,18,8,3,5,7,1
cannon_leopard,126,165,1/2-1/2,34,12,5,7,6,6
cannon_leopard,127,123,1/2-1/2,36,14,8,6,7,7
cannon_leopard,128,148,0-1,23,7,2,5,2,5
cannon_leopard,129,172,0-1,20,6,2,4,2,4
cannon_leopard,130,112,0-1,11,11,8,3,5,6
cannon_leopard,131,218,1/2-1/2,6,4,0,4,2,2
cannon_leopard,132,165,1-0,10,4,1,3,3,1
cannon_leopard,133,137,1-0,28,12,5,7,6,6
cannon_leopard,134,247,1-0,8,6,2,4,5,1
cannon_leopard,135,126,0-1,31,13,7,6,4,9
cannon_leopard,136,235,1/2-1/2,3,3,0,3,2,1
cannon_leopard,137,199,1-0,17,7,3,4,4,3
cannon_leopard,138,318,0-1,40,12,6,6,5,7
cannon_leopard,139,191,1-0,18,6,1,5,5,1
cannon_leopard,140,300,0-1,5,3,0,3,1,2
cannon_leopard,141,139,1-0,18,4,0,4,3,1
cannon_leopard,142,112,0-1,24,10,6,4,4,6
cannon_leopard,143,165,1-0,10,4,1,3,3,1
cannon_leopard,144,179,1-0,19,5,1,4,4,1
cannon_leopard,145,132,1/2-1/2,22,8,4,4,4,4
cannon_leopard,146,303,1/2-1/2,22,16,12,4,8,8
cannon_leopard,147,91,1-0,50,16,6,10,9,7
cannon_leopard,148,166,1/2-1/2,3,3,0,3,1,2
cannon_leopard,149,226,0-1,12,4,0,4,1,3
cannon_leopard,150,197,1/2-1/2,30,12,6,6,6,6
cannon_leopard,151,173,1/2-1/2,20,6,2,4,3,3
cannon_leopard,152,174,0-1,20,8,4,4,3,5
cannon_leopard,153,130,0-1,22,8,4,4,3,5
cannon_leopard,154,231,1/2-1/2,20,8,3,5,3,5
cannon_leopard,155,180,0-1,18,6,2,4,2,4
cannon_leopard,156,109,1-0,12,6,3,3,5,1
cannon_leopard,157,143,1-0,18,4,0,4,3,1
cannon_leopard,158,186,0-1,23,7,2,5,2,5
cannon_leopard,159,131,1/2-1/2,22,10,5,5,5,5
cannon_leopard,160,108,0-1,22,12,8,4,5,7
cannon_leopard,161,180,0-1,19,5,1,4,1,4
cannon_leopard,162,135,1-0,7,7,4,3,4,3
cannon_leopard,163,158,0-1,16,6,2,4,1,5
cannon_leopard,164,128,1/2-1/2,26,12,8,4,6,6
cannon_leopard,165,210,1/2-1/2,28,12,7,5,6,6
cannon_leopard,166,161,1/2-1/2,29,9,2,7,6,3
cannon_leopard,167,164,0-1,25,11,7,4,3,8
cannon_leopard,168,156,0-1,12,6,3,3,1,5
cannon_leopard,169,178,0-1,18,4,0,4,1,3
cannon_leopard,170,131,1-0,27,9,3,6,5,4
cannon_leopard,171,156,1/2-1/2,21,7,3,4,4,3
cannon_leopard,172,180,1/2-1/2,12,6,2,4,3,3
cannon_leopard,173,168,0-1,5,3,0,3,1,2
cannon_leopard,174,139,1-0,6,6,3,3,4,2
cannon_leopard,175,197,1-0,14,4,0,4,3,1
cannon_leopard,176,153,1-0,16,8,4,4,5,3
cannon_leopard,177,126,0-1,27,9,3,6,3,6
cannon_leopard,178,192,0-1,14,4,0,4,1,3
cannon_leopard,179,254,0-1,21,9,4,5,3,6
cannon_leopard,180,114,0-1,18,8,4,4,3,5
cannon_leopard,181,326,0-1,26,12,7,5,3,9
cannon_leopard,182,112,1/2-1/2,13,11,7,4,6,5
cannon_leopard,183,175,1-0,15,5,1,4,4,1
cannon_leopard,184,198,0-1,12,6,3,3,2,4
cannon_leopard,185,139,1-0,6,4,1,3,3,1
cannon_leopard,186,209,1/2-1/2,41,17,9,8,9,8
cannon_leopard,187,267,1/2-1/2,13,5,0,5,3,2
cannon_leopard,188,188,0-1,18,4,0,4,1,3
cannon_leopard,189,284,0-1,5,3,0,3,1,2
cannon_leopard,190,117,1-0,5,7,5,2,4,3
cannon_leopard,191,233,1-0,9,3,0,3,2,1
cannon_leopard,192,192,0-1,9,5,1,4,1,4
cannon_leopard,193,147,1/2-1/2,18,8,4,4,3,5
cannon_leopard,194,199,1-0,14,6,2,4,5,1
cannon_leopard,195,259,1/2-1/2,1,3,1,2,1,2
cannon_leopard,196,312,1/2-1/2,91,31,15,16,15,16
cannon_leopard,197,168,0-1,21,7,2,5,3,4
cannon_leopard,198,454,1/2-1/2,30,18,12,6,8,10
cannon_leopard,199,147,1-0,14,10,6,4,6,4
cannon_leopard,200,169,1-0,24,8,3,5,6,2
cannon_leopard,201,202,0-1,19,7,2,5,1,6
cannon_leopard,202,189,1-0,12,4,0,4,3,1
cannon_leopard,203,391,1/2-1/2,8,4,0,4,2,2
cannon_leopard,204,151,1-0,11,9,6,3,6,3
cannon_leopard,205,138,0-1,24,10,5,5,4,6
cannon_leopard,206,241,1-0,8,4,0,4,3,1
cannon_leopard,207,153,1/2-1/2,25,13,8,5,6,7
cannon_leopard,208,187,1-0,17,5,0,5,4,1
cannon_leopard,209,185,1-0,14,4,0,4,3,1
cannon_leopard,210,210,0-1,14,6,2,4,2,4
cannon_leopard,211,221,1-0,8,4,0,4,3,1
cannon_leopard,212,631,1/2-1/2,5,3,0,3,1,2
cannon_leopard,213,162,1/2-1/2,8,6,2,4,3,3
cannon_leopard,214,168,1/2-1/2,0,2,0,2,1,1
cannon_leopard,215,252,0-1,14,4,0,4,1,3
cannon_leopard,216,245,1-0,30,12,6,6,7,5
cannon_leopard,217,180,0-1,20,6,1,5,2,4
cannon_leopard,218,182,0-1,20,6,2,4,3,3
cannon_leopard,219,170,0-1,30,8,2,6,3,5
cannon_leopard,220,189,1/2-1/2,12,6,2,4,3,3
cannon_leopard,221,180,1/2-1/2,21,11,5,6,5,6
cannon_leopard,222,118,1/2-1/2,32,14,8,6,7,7
cannon_leopard,223,158,0-1,19,7,3,4,2,5
cannon_leopard,224,149,1-0,14,8,4,4,6,2
cannon_leopard,225,217,1-0,11,5,2,3,4,1
cannon_leopard,226,239,1-0,23,5,0,5,4,1
cannon_leopard,227,137,1-0,7,9,7,2,5,4
cannon_leopard,228,342,0-1,19,5,1,4,1,4
cannon_leopard,229,187,1/2-1/2,3,3,0,3,2,1
cannon_leopard,230,143,1-0,2,4,2,2,2,2
cannon_leopard,231,135,1-0,26,10,5,5,7,3
cannon_leopard,232,216,1/2-1/2,2,4,2,2,2,2
cannon_leopard,233,181,1/2-1/2,8,6,2,4,3,3
cannon_leopard,234,181,1-0,24,10,6,4,5,5
cannon_leopard,235,154,0-1,20,6,2,4,1,5
cannon_leopard,236,114,0-1,30,10,3,7,4,6
cannon_leopard,237,122,0-1,12,8,4,4,3,5
cannon_leopard,238,133,1-0,18,8,4,4,4,4
cannon_leopard,239,346,0-1,19,5,0,5,2,3
cannon_leopard,240,150,1/2-1/2,33,15,8,7,7,8
cannon_leopard,241,171,1-0,17,7,3,4,5,2
cannon_leopard,242,176,0-1,13,7,4,3,1,6
cannon_leopard,243,137,1-0,3,5,3,2,2,3
cannon_leopard,244,137,1-0,17,7,3,4,6,1
cannon_leopard,245,273,1-0,24,12,6,6,7,5
cannon_leopard,246,186,0-1,20,6,2,4,2,4
cannon_leopard,247,190,1/2-1/2,19,5,1,4,3,2
cannon_leopard,248,113,1/2-1/2,4,6,4,2,3,3
cannon_leopard,249,301,1/2-1/2,19,5,1,4,3,2
cannon_leopard,250,292,0-1,18,10,6,4,4,6
cannon_leopard,251,140,0-1,16,4,0,4,2,2
cannon_leopard,252,153,1-0,21,7,3,4,5,2
cannon_leopard,253,166,0-1,20,10,5,5,2,8
cannon_leopard,254,179,1/2-1/2,6,4,1,3,2,2
cannon_leopard,255,167,1/2-1/2,25,7,1,6,3,4
cannon_leopard,256,155,1-0,12,4,0,4,3,1
cannon_leopard,257,159,1/2-1/2,21,7,3,4,3,4
cannon_leopard,258,307,1/2-1/2,11,9,5,4,4,5
cannon_leopard,259,158,0-1,16,6,2,4,1,5
cannon_leopard,260,170,0-1,16,6,2,4,1,5
cannon_leopard,261,157,1-0,13,7,4,3,6,1
cannon_leopard,262,105,1-0,21,7,3,4,6,1
cannon_leopard,263,206,0-1,24,6,1,5,1,5
cannon_leopard,264,197,1-0,9,3,0,3,2,1
cannon_leopard,265,252,0-1,9,3,0,3,1,2
cannon_leopard,266,183,1-0,22,8,3,5,6,2
cannon_leopard,267,152,0-1,32,14,8,6,7,7
cannon_leopard,268,115,1/2-1/2,9,7,3,4,4,3
cannon_leopard,269,198,0-1,17,5,0,5,1,4
cannon_leopard,270,170,0-1,19,7,2,5,1,6
cannon_leopard,271,143,1-0,20,10,6,4,6,4
cannon_leopard,272,120,0-1,19,5,1,4,1,4
cannon_leopard,273,160,0-1,18,4,0,4,1,3
cannon_leopard,274,237,1/2-1/2,6,4,0,4,2,2
cannon_leopard,275,170,0-1,17,7,3,4,2,5
cannon_leopard,276,143,1/2-1/2,17,11,6,5,5,6
cannon_leopard,277,148,0-1,11,5,2,3,1,4
cannon_leopard,278,232,0-1,17,5,0,5,1,4
cannon_leopard,279,375,1/2-1/2,0,2,0,2,1,1
cannon_leopard,280,278,1/2-1/2,0,2,0,2,1,1
cannon_leopard,281,270,0-1,26,6,1,5,2,4
cannon_leopard,282,146,0-1,23,7,2,5,3,4
cannon_leopard,283,164,1/2-1/2,27,11,6,5,7,4
cannon_leopard,284,344,0-1,5,3,0,3,1,2
cannon_leopard,285,134,0-1,25,7,1,6,2,5
cannon_leopard,286,135,1/2-1/2,24,10,6,4,5,5
cannon_leopard,287,170,0-1,19,5,0,5,2,3
cannon_leopard,288,297,1-0,18,4,0,4,3,1
cannon_leopard,289,453,1-0,27,11,5,6,7,4
cannon_leopard,290,223,1-0,10,4,1,3,3,1
cannon_leopard,291,155,1-0,12,6,2,4,4,2
cannon_leopard,292,158,0-1,15,11,7,4,3,8
cannon_leopard,293,165,1/2-1/2,3,3,0,3,2,1
cannon_leopard,294,117,1-0,14,6,2,4,5,1
cannon_leopard,295,283,1/2-1/2,13,7,3,4,4,3
cannon_leopard,296,363,1/2-1/2,19,7,2,5,4,3
cannon_leopard,297,163,1-0,6,6,3,3,4,2
cannon_leopard,298,176,1/2-1/2,6,4,1,3,2,2
cannon_leopard,299,143,1/2-1/2,0,2,0,2,1,1
cannon_leopard,300,216,0-1,12,4,0,4,1,3
cannon_leopard,301,137,1/2-1/2,21,9,3,6,4,5
cannon_leopard,302,206,0-1,14,4,0,4,1,3
cannon_leopard,303,219,1-0,12,6,3,3,5,1
cannon_leopard,304,107,1/2-1/2,35,13,6,7,6,7
cannon_leopard,305,186,0-1,18,8,4,4,2,6
cannon_leopard,306,178,1/2-1/2,10,8,5,3,3,5
cannon_leopard,307,63,1-0,60,20,10,10,10,10
cannon_leopard,308,231,1-0,22,8,4,4,5,3
cannon_leopard,309,71,1/2-1/2,44,16,8,8,8,8
cannon_leopard,310,159,1-0,18,4,0,4,3,1
cannon_leopard,311,179,1-0,8,4,0,4,2,2
cannon_leopard,312,162,1/2-1/2,0,2,0,2,1,1
cannon_leopard,313,140,0-1,17,5,1,4,2,3
cannon_leopard,314,134,1/2-1/2,3,3,0,3,1,2
cannon_leopard,315,365,1/2-1/2,16,14,10,4,7,7
cannon_leopard,316,286,0-1,15,7,3,4,2,5
cannon_leopard,317,168,0-1,23,9,4,5,4,5
cannon_leopard,318,169,1-0,18,4,0,4,3,1
cannon_leopard,319,200,0-1,31,9,3,6,4,5
cannon_leopard,320,140,0-1,32,8,2,6,3,5
cannon_leopard,321,195,1-0,11,7,3,4,4,3
cannon_leopard,322,178,0-1,18,6,1,5,1,5
cannon_leopard,323,141,1-0,20,8,3,5,7,1
cannon_leopard,324,301,1/2-1/2,3,3,0,3,2,1
cannon_leopard,325,218,0-1,9,3,0,3,1,2
cannon_leopard,326,153,1-0,25,11,7,4,8,3
cannon_leopard,327,225,1-0,12,6,3,3,4,2
cannon_leopard,328,180,0-1,15,7,3,4,3,4
cannon_leopard,329,260,1/2-1/2,5,3,0,3,1,2
cannon_leopard,330,200,0-1,19,5,1,4,2,3
cannon_leopard,331,185,1-0,9,3,0,3,2,1
cannon_leopard,332,164,0-1,33,7,1,6,2,5
cannon_leopard,333,161,1-0,22,8,4,4,6,2
cannon_leopard,334,193,1-0,5,3,0,3,2,1
cannon_leopard,335,129,1/2-1/2,39,15,8,7,8,7
cannon_leopard,336,127,1/2-1/2,30,14,8,6,7,7
cannon_leopard,337,218,0-1,9,3,0,3,1,2
cannon_leopard,338,144,1/2-1/2,0,2,0,2,1,1
cannon_leopard,339,142,1/2-1/2,23,9,5,4,5,4
cannon_leopard,340,147,1-0,22,6,1,5,4,2
cannon_leopard,341,180,0-1,18,4,0,4,1,3
cannon_leopard,342,127,1-0,18,8,4,4,6,2
cannon_leopard,343,182,0-1,17,5,0,5,1,4
cannon_leopard,344,155,1-0,19,9,5,4,6,3
cannon_leopard,345,158,0-1,21,7,3,4,2,5
cannon_leopard,346,201,1-0,10,6,2,4,3,3
cannon_leopard,347,165,1-0,20,10,6,4,8,2
cannon_leopard,348,146,0-1,24,10,5,5,3,7
cannon_leopard,349,189,1-0,15,5,1,4,4,1
cannon_leopard,350,238,1/2-1/2,13,7,3,4,4,3
cannon_leopard,351,236,0-1,19,5,1,4,1,4
cannon_leopard,352,162,0-1,19,7,2,5,1,6
cannon_leopard,353,167,1-0,9,3,0,3,2,1
cannon_leopard,354,159,1-0,17,7,2,5,5,2
cannon_leopard,355,162,0-1,14,8,4,4,3,5
cannon_leopard,356,256,0-1,13,7,4,3,4,3
cannon_leopard,357,288,0-1,6,4,0,4,1,3
cannon_leopard,358,162,0-1,18,10,6,4,3,7
cannon_leopard,359,211,1-0,17,5,0,5,4,1
cannon_leopard,360,140,0-1,19,7,3,4,3,4
cannon_leopard,361,296,1/2-1/2,0,2,0,2,1,1
cannon_leopard,362,491,1-0,9,3,0,3,2,1
cannon_leopard,363,166,0-1,18,6,2,4,2,4
cannon_leopard,364,149,1-0,23,9,5,4,6,3
cannon_leopard,365,186,0-1,18,8,4,4,2,6
cannon_leopard,366,190,0-1,19,5,1,4,1,4
cannon_leopard,367,268,1/2-1/2,12,6,2,4,3,3
cannon_leopard,368,169,1-0,14,4,0,4,3,1
cannon_leopard,369,126,1/2-1/2,12,8,4,4,3,5
cannon_leopard,370,257,1/2-1/2,8,6,3,3,4,2
cannon_leopard,371,200,0-1,14,4,0,4,1,3
cannon_leopard,372,193,1-0,10,8,5,3,4,4
cannon_leopard,373,136,0-1,22,10,5,5,3,7
cannon_leopard,374,319,1/2-1/2,45,17,9,8,9,8
cannon_leopard,375,165,1-0,19,9,5,4,6,3
cannon_leopard,376,605,1/2-1/2,7,5,1,4,2,3
cannon_leopard,377,129,1-0,10,6,2,4,4,2
cannon_leopard,378,176,0-1,22,6,1,5,1,5
cannon_leopard,379,174,0-1,18,4,0,4,1,3
cannon_leopard,380,178,0-1,19,7,2,5,1,6
cannon_leopard,381,80,1/2-1/2,25,15,10,5,7,8
cannon_leopard,382,153,1-0,19,7,2,5,5,2
cannon_leopard,383,182,0-1,20,8,3,5,1,7
cannon_leopard,384,225,1-0,18,4,0,4,3,1
cannon_leopard,385,168,0-1,14,6,1,5,1,5
cannon_leopard,386,184,0-1,18,4,0,4,1,3
cannon_leopard,387,147,1/2-1/2,0,2,0,2,1,1
cannon_leopard,388,193,1-0,15,5,1,4,4,1
cannon_leopard,389,198,1/2-1/2,28,10,4,6,5,5
cannon_leopard,390,173,1-0,5,3,0,3,2,1
cannon_leopard,391,174,0-1,17,9,5,4,3,6
cannon_leopard,392,159,1-0,11,5,2,3,3,2
cannon_leopard,393,169,1-0,17,5,0,5,4,1
cannon_leopard,394,119,1-0,10,8,4,4,6,2
cannon_leopard,395,184,0-1,29,13,8,5,5,8
cannon_leopard,396,168,0-1,13,7,4,3,3,4
cannon_leopard,397,227,1/2-1/2,11,5,1,4,3,2
cannon_leopard,398,252,1/2-1/2,18,4,0,4,2,2
cannon_leopard,399,234,0-1,25,11,6,5,5,6
cannon_leopard,400,288,1/2-1/2,6,4,0,4,1,3
cannon_leopard,401,173,1-0,17,5,0,5,4,1
cannon_leopard,402,259,1/2-1/2,12,6,2,4,3,3
cannon_leopard,403,159,1/2-1/2,12,6,2,4,3,3
cannon_leopard,404,421,1/2-1/2,8,4,0,4,2,2
cannon_leopard,405,213,1-0,24,6,1,5,5,1
cannon_leopard,406,198,1/2-1/2,9,11,9,2,6,5
cannon_leopard,407,128,0-1,22,10,6,4,4,6
cannon_leopard,408,164,0-1,24,10,5,5,4,6
cannon_leopard,409,452,1/2-1/2,10,8,4,4,4,4
cannon_leopard,410,130,0-1,21,7,2,5,3,4
cannon_leopard,411,349,1/2-1/2,7,5,1,4,3,2
cannon_leopard,412,73,1-0,46,22,13,9,11,11
cannon_leopard,413,142,0-1,18,4,0,4,1,3
cannon_leopard,414,177,1-0,15,5,0,5,4,1
cannon_leopard,415,130,0-1,23,11,7,4,4,7
cannon_leopard,416,141,1-0,13,5,1,4,4,1
cannon_leopard,417,236,0-1,5,3,0,3,1,2
cannon_leopard,418,132,0-1,21,7,3,4,2,5
cannon_leopard,419,161,1/2-1/2,12,8,4,4,5,3
cannon_leopard,420,156,1/2-1/2,24,8,3,5,5,3
cannon_leopard,421,222,0-1,17,5,1,4,2,3
cannon_leopard,422,161,1-0,23,9,5,4,6,3
cannon_leopard,423,123,1-0,15,11,7,4,7,4
cannon_leopard,424,151,1/2-1/2,33,11,5,6,6,5
cannon_leopard,425,123,1-0,25,11,7,4,7,4
cannon_leopard,426,129,1/2-1/2,12,6,2,4,3,3
cannon_leopard,427,112,1/2-1/2,26,10,4,6,5,5
cannon_leopard,428,105,1/2-1/2,41,17,9,8,8,9
cannon_leopard,429,164,0-1,22,10,6,4,3,7
cannon_leopard,430,228,1/2-1/2,91,31,15,16,15,16
cannon_leopard,431,143,1-0,27,9,3,6,5,4
cannon_leopard,432,204,0-1,21,5,0,5,1,4
cannon_leopard,433,155,1-0,22,6,1,5,5,1
cannon_leopard,434,177,1/2-1/2,0,2,0,2,1,1
cannon_leopard,435,155,1-0,14,8,5,3,6,2
cannon_leopard,436,153,1-0,7,7,4,3,5,2
cannon_leopard,437,112,0-1,10,4,1,3,1,3
cannon_leopard,438,146,0-1,22,12,8,4,6,6
cannon_leopard,439,162,1/2-1/2,27,11,6,5,6,5
cannon_leopard,440,204,0-1,9,5,1,4,1,4
cannon_leopard,441,209,1-0,18,6,1,5,4,2
cannon_leopard,442,353,1/2-1/2,17,7,1,6,4,3
cannon_leopard,443,123,1/2-1/2,14,12,8,4,6,6
cannon_leopard,444,141,1/2-1/2,18,12,6,6,6,6
cannon_leopard,445,148,0-1,17,7,3,4,3,4
cannon_leopard,446,173,1-0,18,6,1,5,5,1
cannon_leopard,447,187,1-0,11,5,2,3,3,2
cannon_leopard,448,175,1-0,10,4,1,3,3,1
cannon_leopard,449,160,0-1,23,7,2,5,2,5
cannon_leopard,450,309,1/2-1/2,6,4,1,3,1,3
cannon_leopard,451,261,1-0,18,6,1,5,5,1
cannon_leopard,452,117,1-0,8,10,8,2,5,5
cannon_leopard,453,202,1/2-1/2,21,7,3,4,3,4
cannon_leopard,454,229,1/2-1/2,0,2,0,2,1,1
cannon_leopard,455,354,0-1,5,3,0,3,1,2
cannon_leopard,456,155,1-0,24,6,0,6,4,2
cannon_leopard,457,225,1/2-1/2,3,3,0,3,2,1
cannon_leopard,458,138,0-1,22,8,4,4,2,6
cannon_leopard,459,264,0-1,21,9,5,4,5,4
cannon_leopard,460,136,0-1,24,8,3,5,4,4
cannon_leopard,461,138,0-1,28,10,4,6,3,7
cannon_leopard,462,148,0-1,43,13,5,8,4,9
cannon_leopard,463,186,0-1,19,7,3,4,2,5
cannon_leopard,464,104,0-1,29,13,7,6,5,8
cannon_leopard,465,127,1/2-1/2,19,11,7,4,5,6
cannon_leopard,466,160,0-1,19,5,1,4,2,3
cannon_leopard,467,182,0-1,25,5,0,5,2,3
cannon_leopard,468,121,1-0,9,9,6,3,5,4
cannon_leopard,469,203,1-0,17,5,0,5,3,2
cannon_leopard,470,200,0-1,16,6,2,4,1,5
cannon_leopard,471,177,1/2-1/2,37,15,9,6,8,7
cannon_leopard,472,188,0-1,16,4,0,4,2,2
cannon_leopard,473,179,1-0,0,2,0,2,1,1
cannon_leopard,474,202,1/2-1/2,16,6,2,4,4,2
cannon_leopard,475,167,1-0,12,6,3,3,5,1
cannon_leopard,476,139,1/2-1/2,40,16,9,7,8,8
cannon_leopard,477,188,0-1,24,10,5,5,4,6
cannon_leopard,478,110,1/2-1/2,29,13,7,6,6,7
cannon_leopard,479,117,1-0,14,8,4,4,7,1
cannon_leopard,480,154,0-1,21,7,2,5,2,5
cannon_leopard,481,225,1/2-1/2,18,12,8,4,6,6
cannon_leopard,482,220,0-1,27,7,2,5,4,3
cannon_leopard,483,208,0-1,10,6,2,4,1,5
cannon_leopard,484,194,0-1,10,4,1,3,1,3
cannon_leopard,485,146,0-1,14,4,0,4,1,3
cannon_leopard,486,195,1/2-1/2,88,28,12,16,14,14
cannon_leopard,487,182,1/2-1/2,3,3,0,3,1,2
cannon_leopard,488,177,1/2-1/2,6,4,0,4,2,2
cannon_leopard,489,176,0-1,14,4,0,4,1,3
cannon_leopard,490,177,1-0,7,7,4,3,4,3
cannon_leopard,491,171,1-0,6,8,6,2,5,3
cannon_leopard,492,151,1/2-1/2,14,8,4,4,4,4
cannon_leopard,493,123,1-0,23,11,6,5,7,4
cannon_leopard,494,190,0-1,22,8,4,4,2,6
cannon_leopard,495,378,1/2-1/2,11,7,3,4,3,4
cannon_leopard,496,132,0-1,39,15,8,7,7,8
cannon_leopard,497,166,0-1,21,7,2,5,2,5
cannon_leopard,498,162,0-1,10,4,1,3,1,3
cannon_leopard,499,191,1-0,15,7,3,4,5,2
cannon_leopard,500,211,1/2-1/2,33,13,6,7,7,6
cannon_leopard,501,113,1/2-1/2,31,13,8,5,7,6
cannon_leopard,502,207,1-0,20,6,2,4,4,2
cannon_leopard,503,247,1/2-1/2,8,4,0,4,2,2
cannon_leopard,504,160,0-1,15,7,3,4,3,4
cannon_leopard,505,174,0-1,11,5,2,3,2,3
cannon_leopard,506,159,1/2-1/2,23,13,7,6,7,6
cannon_leopard,507,282,0-1,5,3,0,3,1,2
cannon_leopard,508,233,1/2-1/2,62,22,12,10,11,11
cannon_leopard,509,354,0-1,17,9,5,4,3,6
cannon_leopard,510,281,1/2-1/2,98,34,16,18,17,17
cannon_leopard,511,164,0-1,14,4,0,4,1,3
cannon_leopard,512,145,1-0,21,7,3,4,5,2
cannon_leopard,513,83,1-0,37,17,9,8,10,7
cannon_leopard,514,133,1-0,16,12,7,5,7,5
cannon_leopard,515,115,1/2-1/2,26,12,5,7,6,6
cannon_leopard,516,225,1/2-1/2,16,6,2,4,2,4
cannon_leopard,517,182,1/2-1/2,17,7,1,6,3,4
cannon_leopard,518,234,0-1,18,6,0,6,1,5
cannon_leopard,519,125,1-0,17,7,3,4,5,2
cannon_leopard,520,158,0-1,33,9,3,6,3,6
cannon_leopard,521,186,0-1,9,3,0,3,1,2
cannon_leopard,522,63,1/2-1/2,81,25,9,16,13,12
cannon_leopard,523,138,0-1,33,15,8,7,8,7
cannon_leopard,524,169,1-0,11,5,2,3,3,2
cannon_leopard,525,178,0-1,5,3,0,3,1,2
cannon_leopard,526,257,1-0,15,5,1,4,4,1
cannon_leopard,527,195,1/2-1/2,10,6,2,4,2,4
cannon_leopard,528,157,1-0,17,7,2,5,6,1
cannon_leopard,529,147,1-0,12,6,3,3,5,1
cannon_leopard,530,146,1/2-1/2,44,18,10,8,9,9
cannon_leopard,531,152,0-1,19,7,3,4,2,5
cannon_leopard,532,118,0-1,26,12,7,5,4,8
cannon_leopard,533,147,1-0,9,3,0,3,2,1
cannon_leopard,534,177,1-0,5,3,0,3,2,1
cannon_leopard,535,118,0-1,23,11,6,5,3,8
cannon_leopard,536,193,1-0,5,3,0,3,2,1
cannon_leopard,537,126,0-1,27,9,3,6,4,5
cannon_leopard,538,154,0-1,20,6,2,4,1,5
cannon_leopard,539,160,0-1,15,5,1,4,1,4
cannon_leopard,540,126,0-1,22,8,4,4,3,5
cannon_leopard,541,138,0-1,33,11,5,6,4,7
cannon_leopard,542,175,1-0,17,11,8,3,7,4
cannon_leopard,543,240,1/2-1/2,3,5,3,2,3,2
cannon_leopard,544,318,0-1,34,14,9,5,6,8
cannon_leopard,545,160,0-1,25,11,7,4,3,8
cannon_leopard,546,205,1-0,12,10,6,4,4,6
cannon_leopard,547,200,0-1,10,4,1,3,1,3
cannon_leopard,548,177,1/2-1/2,19,5,1,4,2,3
cannon_leopard,549,152,0-1,19,5,1,4,2,3
cannon_leopard,550,233,1-0,23,7,2,5,5,2
cannon_leopard,551,158,0-1,20,6,2,4,2,4
cannon_leopard,552,154,0-1,13,5,1,4,2,3
cannon_leopard,553,214,0-1,17,5,0,5,1,4
cannon_leopard,554,158,1/2-1/2,3,3,0,3,1,2
cannon_leopard,555,138,0-1,23,9,5,4,4,5
cannon_leopard,556,230,0-1,10,6,2,4,3,3
cannon_leopard,557,160,0-1,20,10,6,4,3,7
cannon_leopard,558,138,1/2-1/2,30,16,12,4,8,8
cannon_leopard,559,112,0-1,20,10,5,5,5,5
cannon_leopard,560,186,0-1,16,8,4,4,3,5
cannon_leopard,561,126,0-1,22,16,11,5,7,9
cannon_leopard,562,190,0-1,14,4,0,4,1,3
cannon_leopard,563,94,1/2-1/2,31,13,5,8,7,6
cannon_leopard,564,201,1-0,3,3,0,3,1,2
cannon_leopard,565,163,1-0,13,5,1,4,4,1
cannon_leopard,566,175,1-0,19,5,1,4,4,1
cannon_leopard,567,101,1-0,16,12,8,4,9,3
cannon_leopard,568,161,1-0,12,4,0,4,3,1
cannon_leopard,569,134,1/2-1/2,10,8,4,4,4,4
cannon_leopard,570,176,0-1,22,8,3,5,4,4
cannon_leopard,571,168,0-1,24,10,6,4,3,7
cannon_leopard,572,175,1-0,17,7,3,4,5,2
cannon_leopard,573,185,1-0,16,6,2,4,4,2
cannon_leopard,574,200,0-1,16,6,2,4,2,4
cannon_leopard,575,180,0-1,18,6,2,4,2,4
cannon_leopard,576,128,0-1,18,8,4,4,1,7
cannon_leopard,577,225,1-0,9,3,0,3,2,1
cannon_leopard,578,230,0-1,12,4,0,4,1,3
cannon_leopard,579,239,1-0,3,5,3,2,4,1
cannon_leopard,580,122,0-1,24,8,3,5,2,6
cannon_leopard,581,176,0-1,16,6,2,4,1,5
cannon_leopard,582,211,1-0,13,7,3,4,6,1
cannon_leopard,583,97,1-0,5,7,5,2,3,4
cannon_leopard,584,180,0-1,22,6,1,5,2,4
cannon_leopard,585,166,1/2-1/2,18,10,6,4,4,6
cannon_leopard,586,161,1/2-1/2,22,8,2,6,4,4
cannon_leopard,587,173,1-0,19,5,1,4,4,1
cannon_leopard,588,154,1/2-1/2,22,8,4,4,5,3
cannon_leopard,589,176,0-1,18,8,4,4,3,5
cannon_leopard,590,190,0-1,10,4,1,3,1,3
cannon_leopard,591,188,0-1,20,6,1,5,2,4
cannon_leopard,592,208,1/2-1/2,42,18,10,8,9,9
cannon_leopard,593,147,1/2-1/2,18,8,2,6,4,4
cannon_leopard,594,166,0-1,20,6,2,4,2,4
cannon_leopard,595,207,1/2-1/2,72,28,14,14,14,14
cannon_leopard,596,161,1-0,6,4,1,3,3,1
cannon_leopard,597,133,1-0,7,7,4,3,5,2
cannon_leopard,598,204,0-1,18,8,3,5,3,5
cannon_leopard,599,137,1-0,22,12,8,4,8,4
cannon_leopard,600,184,0-1,15,5,1,4,1,4
cannon_leopard,601,142,0-1,42,14,6,8,5,9
cannon_leopard,602,208,0-1,9,3,0,3,1,2
cannon_leopard,603,200,1/2-1/2,31,9,3,6,4,5
cannon_leopard,604,166,0-1,18,6,1,5,2,4
cannon_leopard,605,247,1-0,5,3,0,3,2,1
cannon_leopard,606,127,1-0,22,10,5,5,4,6
cannon_leopard,607,160,0-1,19,9,5,4,3,6
cannon_leopard,608,143,1-0,9,9,6,3,6,3
cannon_leopard,609,309,1-0,30,6,0,6,4,2
cannon_leopard,610,149,1/2-1/2,3,3,0,3,2,1
cannon_leopard,611,200,0-1,15,5,1,4,1,4
cannon_leopard,612,149,1-0,4,6,4,2,3,3
cannon_leopard,613,168,0-1,14,6,2,4,1,5
cannon_leopard,614,188,1/2-1/2,3,3,0,3,1,2
cannon_leopard,615,174,0-1,16,4,0,4,2,2
cannon_leopard,616,106,1/2-1/2,56,18,7,11,9,9
cannon_leopard,617,157,1-0,20,6,2,4,4,2
cannon_leopard,618,187,1-0,7,5,1,4,2,3
cannon_leopard,619,257,1-0,9,3,0,3,2,1
cannon_leopard,620,132,0-1,19,9,5,4,3,6
cannon_leopard,621,151,1-0,11,5,2,3,3,2
cannon_leopard,622,147,1-0,16,6,2,4,5,1
cannon_leopard,623,211,1-0,15,5,1,4,4,1
cannon_leopard,624,192,0-1,20,8,4,4,3,5
cannon_leopard,625,168,0-1,31,7,1,6,3,4
cannon_leopard,626,98,0-1,26,14,10,4,6,8
cannon_leopard,627,184,0-1,15,5,0,5,1,4
cannon_leopard,628,174,0-1,16,4,0,4,2,2
cannon_leopard,629,274,1/2-1/2,6,4,0,4,2,2
cannon_leopard,630,226,0-1,18,4,0,4,1,3
cannon_leopard,631,178,0-1,10,4,0,4,1,3
cannon_leopard,632,112,1/2-1/2,35,13,7,6,7,6
cannon_leopard,633,120,0-1,17,11,8,3,4,7
cannon_leopard,634,181,1-0,18,4,0,4,3,1
cannon_leopard,635,211,1-0,20,6,2,4,4,2
cannon_leopard,636,228,0-1,18,4,0,4,1,3
cannon_leopard,637,171,1-0,18,4,0,4,3,1
cannon_leopard,638,121,1-0,21,11,6,5,8,3
cannon_leopard,639,125,1-0,4,6,4,2,4,2
cannon_leopard,640,236,0-1,25,7,2,5,2,5
cannon_leopard,641,244,0-1,14,4,0,4,1,3
cannon_leopard,642,184,0-1,20,8,3,5,3,5
cannon_leopard,643,355,1-0,12,4,0,4,3,1
cannon_leopard,644,158,1/2-1/2,29,9,3,6,4,5
cannon_leopard,645,298,0-1,20,6,2,4,1,5
cannon_leopard,646,180,1/2-1/2,39,17,9,8,8,9
cannon_leopard,647,159,1-0,30,10,4,6,9,1
cannon_leopard,648,136,0-1,21,7,3,4,4,3
cannon_leopard,649,201,1/2-1/2,19,5,1,4,2,3
cannon_leopard,650,189,1-0,2,4,2,2,3,1
cannon_leopard,651,193,1-0,20,8,3,5,6,2
cannon_leopard,652,175,1-0,14,8,5,3,5,3
cannon_leopard,653,220,0-1,20,6,2,4,2,4
cannon_leopard,654,213,1-0,18,8,3,5,7,1
cannon_leopard,655,172,0-1,6,4,0,4,1,3
cannon_leopard,656,107,1-0,20,12,7,5,8,4
cannon_leopard,657,94,0-1,32,14,8,6,5,9
cannon_leopard,658,174,0-1,16,4,0,4,2,2
cannon_leopard,659,132,0-1,18,6,2,4,3,3
cannon_leopard,660,166,0-1,22,12,8,4,4,8
cannon_leopard,661,185,1/2-1/2,66,22,12,10,11,11
cannon_leopard,662,185,1-0,7,5,2,3,3,2
cannon_leopard,663,137,1-0,17,7,3,4,5,2
cannon_leopard,664,129,1-0,18,10,6,4,7,3
cannon_leopard,665,194,0-1,12,4,0,4,1,3
cannon_leopard,666,181,1-0,54,18,9,9,9,9
cannon_leopard,667,161,1-0,14,4,0,4,3,1
cannon_leopard,668,156,0-1,19,5,1,4,1,4
cannon_leopard,669,168,0-1,13,7,4,3,2,5
cannon_leopard,670,143,1-0,16,6,2,4,5,1
cannon_leopard,671,246,0-1,9,3,0,3,1,2
cannon_leopard,672,135,1-0,22,10,5,5,6,4
cannon_leopard,673,190,1/2-1/2,9,7,3,4,3,4
cannon_leopard,674,168,0-1,5,3,0,3,1,2
cannon_leopard,675,154,0-1,8,4,0,4,1,3
cannon_leopard,676,152,0-1,21,5,0,5,1,4
cannon_leopard,677,154,1/2-1/2,24,10,6,4,5,5
cannon_leopard,678,362,0-1,21,11,7,4,3,8
cannon_leopard,679,148,0-1,19,9,5,4,3,6
cannon_leopard,680,297,1-0,38,14,7,7,8,6
cannon_leopard,681,222,0-1,5,3,0,3,1,2
cannon_leopard,682,192,0-1,22,6,1,5,3,3
cannon_leopard,683,194,0-1,17,9,5,4,1,8
cannon_leopard,684,182,0-1,18,4,0,4,1,3
cannon_leopard,685,175,1/2-1/2,0,2,0,2,1,1
cannon_leopard,686,159,1-0,12,8,4,4,7,1
cannon_leopard,687,184,0-1,22,8,4,4,3,5
cannon_leopard,688,112,0-1,16,12,8,4,4,8
cannon_leopard,689,179,1-0,14,6,2,4,4,2
cannon_leopard,690,157,1-0,14,4,0,4,3,1
cannon_leopard,691,139,1/2-1/2,18,8,4,4,4,4
cannon_leopard,692,172,0-1,15,7,3,4,1,6
cannon_leopard,693,128,1/2-1/2,23,11,5,6,6,5
cannon_leopard,694,124,0-1,35,11,4,7,4,7
cannon_leopard,695,228,0-1,8,4,0,4,1,3
cannon_leopard,696,176,1/2-1/2,16,6,0,6,3,3
cannon_leopard,697,162,1/2-1/2,23,17,12,5,8,9
cannon_leopard,698,205,1-0,14,4,0,4,3,1
cannon_leopard,699,143,1-0,21,7,3,4,5,2
cannon_leopard,700,145,1/2-1/2,8,6,2,4,3,3
cannon_leopard,701,194,1/2-1/2,11,5,1,4,2,3
cannon_leopard,702,152,0-1,17,5,0,5,1,4
cannon_leopard,703,172,0-1,15,5,1,4,2,3
cannon_leopard,704,182,0-1,19,5,1,4,1,4
cannon_leopard,705,162,0-1,16,6,2,4,1,5
cannon_leopard,706,157,1-0,18,8,3,5,6,2
cannon_leopard,707,115,1-0,12,6,2,4,3,3
cannon_leopard,708,209,1-0,28,8,2,6,6,2
cannon_leopard,709,226,0-1,14,4,0,4,1,3
cannon_leopard,710,125,1-0,32,10,2,8,6,4
cannon_leopard,711,158,1/2-1/2,0,2,0,2,1,1
cannon_leopard,712,169,1-0,14,4,0,4,3,1
cannon_leopard,713,128,0-1,24,10,3,7,4,6
cannon_leopard,714,149,1-0,10,6,2,4,4,2
cannon_leopard,715,194,0-1,15,5,0,5,1,4
cannon_leopard,716,139,1-0,20,10,5,5,5,5
cannon_leopard,717,202,0-1,9,3,0,3,1,2
cannon_leopard,718,185,1/2-1/2,36,20,14,6,10,10
cannon_leopard,719,166,0-1,29,9,4,5,4,5
cannon_leopard,720,189,1-0,12,4,0,4,3,1
cannon_leopard,721,142,0-1,29,11,5,6,3,8
cannon_leopard,722,240,1/2-1/2,10,6,2,4,4,2
cannon_leopard,723,218,0-1,17,7,2,5,1,6
cannon_leopard,724,163,1-0,14,10,6,4,7,3
cannon_leopard,725,140,0-1,19,7,3,4,3,4
cannon_leopard,726,176,0-1,25,9,4,5,5,4
cannon_leopard,727,193,1-0,6,4,1,3,3,1
cannon_leopard,728,223,1/2-1/2,23,9,5,4,5,4
cannon_leopard,729,207,1-0,9,3,0,3,2,1
cannon_leopard,730,204,0-1,23,9,5,4,3,6
cannon_leopard,731,191,1-0,15,7,3,4,4,3
cannon_leopard,732,117,1/2-1/2,24,10,6,4,5,5
cannon_leopard,733,143,1-0,8,10,8,2,5,5
cannon_leopard,734,153,1/2-1/2,35,15,9,6,9,6
cannon_leopard,735,169,1-0,5,3,0,3,2,1
cannon_leopard,736,242,0-1,18,6,1,5,1,5
cannon_leopard,737,240,0-1,14,4,0,4,1,3
cannon_leopard,738,144,0-1,42,12,4,8,5,7
cannon_leopard,739,182,0-1,24,10,6,4,3,7
cannon_leopard,740,110,1/2-1/2,10,12,10,2,6,6
cannon_leopard,741,100,0-1,26,12,7,5,6,6
cannon_leopard,742,127,1-0,22,8,4,4,5,3
cannon_leopard,743,233,1-0,5,3,0,3,2,1
cannon_leopard,744,201,1-0,6,4,1,3,3,1
cannon_leopard,745,152,0-1,16,4,0,4,2,2
cannon_leopard,746,172,0-1,20,6,2,4,1,5
cannon_leopard,747,132,0-1,9,7,4,3,2,5
cannon_leopard,748,110,0-1,29,13,8,5,5,8
cannon_leopard,749,173,1-0,16,6,2,4,4,2
cannon_leopard,750,122,0-1,38,14,8,6,7,7
cannon_leopard,751,217,1-0,12,4,0,4,3,1
cannon_leopard,752,181,1/2-1/2,16,8,3,5,3,5
cannon_leopard,753,113,1-0,17,9,5,4,5,4
cannon_leopard,754,91,1-0,34,18,10,8,10,8
cannon_leopard,755,120,0-1,23,9,5,4,3,6
cannon_leopard,756,141,1-0,10,10,7,3,6,4
cannon_leopard,757,133,1/2-1/2,14,8,4,4,4,4
cannon_leopard,758,224,0-1,12,4,0,4,1,3
cannon_leopard,759,200,0-1,21,9,4,5,1,8
cannon_leopard,760,175,1/2-1/2,0,2,0,2,1,1
cannon_leopard,761,178,0-1,21,5,0,5,2,3
cannon_leopard,762,167,1-0,22,6,1,5,4,2
cannon_leopard,763,143,1-0,27,13,8,5,9,4
cannon_leopard,764,138,0-1,15,5,1,4,1,4
cannon_leopard,765,233,1-0,19,5,1,4,3,2
cannon_leopard,766,143,1-0,17,7,3,4,5,2
cannon_leopard,767,221,1-0,18,6,1,5,5,1
cannon_leopard,768,136,1/2-1/2,17,11,7,4,6,5
cannon_leopard,769,210,1/2-1/2,18,12,9,3,5,7
cannon_leopard,770,197,1-0,2,4,2,2,2,2
cannon_leopard,771,83,1/2-1/2,58,18,9,9,9,9
cannon_leopard,772,190,0-1,14,6,2,4,2,4
cannon_leopard,773,345,1-0,10,4,1,3,3,1
cannon_leopard,774,153,1/2-1/2,21,9,4,5,5,4
cannon_leopard,775,214,0-1,13,5,1,4,1,4
cannon_leopard,776,126,1/2-1/2,33,11,5,6,6,5
cannon_leopard,777,151,1-0,12,6,2,4,5,1
cannon_leopard,778,121,1-0,21,11,6,5,8,3
cannon_leopard,779,169,1-0,18,4,0,4,3,1
cannon_leopard,780,303,1-0,22,8,4,4,5,3
cannon_leopard,781,230,0-1,14,6,2,4,1,5
cannon_leopard,782,191,1-0,22,6,1,5,5,1
cannon_leopard,783,161,1-0,2,4,2,2,3,1
cannon_leopard,784,186,0-1,5,3,0,3,1,2
cannon_leopard,785,94,1/2-1/2,30,14,7,7,7,7
cannon_leopard,786,265,1/2-1/2,8,10,8,2,5,5
cannon_leopard,787,210,0-1,8,4,0,4,1,3
cannon_leopard,788,346,0-1,20,6,1,5,3,3
cannon_leopard,789,201,1/2-1/2,0,2,0,2,1,1
cannon_leopard,790,194,0-1,13,5,1,4,2,3
cannon_leopard,791,164,0-1,15,5,1,4,1,4
cannon_leopard,792,184,1/2-1/2,29,7,2,5,3,4
cannon_leopard,793,143,1-0,22,8,4,4,6,2
cannon_leopard,794,156,0-1,17,5,0,5,1,4
cannon_leopard,795,140,0-1,22,12,8,4,5,7
cannon_leopard,796,165,1-0,19,5,1,4,3,2
cannon_leopard,797,166,0-1,22,10,6,4,5,5
cannon_leopard,798,155,1-0,21,9,4,5,6,3
cannon_leopard,799,136,1/2-1/2,33,15,7,8,7,8
cannon_leopard,800,88,0-1,37,15,8,7,7,8
cannon_leopard,801,187,1/2-1/2,4,6,4,2,3,3
cannon_leopard,802,204,0-1,22,8,2,6,3,5
cannon_leopard,803,127,1-0,23,9,5,4,5,4
cannon_leopard,804,185,1-0,20,6,2,4,3,3
cannon_leopard,805,162,1/2-1/2,31,11,5,6,5,6
cannon_leopard,806,154,0-1,28,10,4,6,3,7
cannon_leopard,807,133,1-0,13,9,5,4,7,2
cannon_leopard,808,73,1-0,30,18,12,6,9,9
cannon_leopard,809,199,1-0,10,4,1,3,3,1
cannon_leopard,810,134,0-1,25,7,2,5,2,5
cannon_leopard,811,154,0-1,19,5,1,4,1,4
cannon_leopard,812,122,0-1,27,9,3,6,2,7
cannon_leopard,813,246,0-1,9,3,0,3,1,2
cannon_leopard,814,241,1-0,24,6,1,5,5,1
cannon_leopard,815,156,0-1,16,4,0,4,2,2
cannon_leopard,816,125,1-0,11,5,2,3,4,1
cannon_leopard,817,219,1/2-1/2,7,5,2,3,3,2
cannon_leopard,818,180,0-1,23,7,2,5,1,6
cannon_leopard,819,164,0-1,31,11,4,7,4,7
cannon_leopard,820,235,1-0,19,5,1,4,4,1
cannon_leopard,821,156,1/2-1/2,14,8,3,5,5,3
cannon_leopard,822,115,1-0,15,9,5,4,6,3
cannon_leopard,823,131,1-0,3,5,3,2,3,2
cannon_leopard,824,169,1-0,5,3,0,3,2,1
cannon_leopard,825,221,1/2-1/2,3,3,0,3,1,2
cannon_leopard,826,156,0-1,16,4,0,4,2,2
cannon_leopard,827,143,1/2-1/2,47,15,7,8,8,7
cannon_leopard,828,176,0-1,20,8,4,4,4,4
cannon_leopard,829,109,1-0,44,16,8,8,10,6
cannon_leopard,830,339,1/2-1/2,16,14,10,4,7,7
cannon_leopard,831,171,1-0,18,6,1,5,5,1
cannon_leopard,832,180,0-1,21,5,0,5,1,4
cannon_leopard,833,87,1/2-1/2,18,10,5,5,5,5
cannon_leopard,834,151,1-0,16,6,2,4,3,3
cannon_leopard,835,306,1/2-1/2,51,15,7,8,7,8
cannon_leopard,836,150,1/2-1/2,0,2,0,2,1,1
cannon_leopard,837,313,1-0,10,4,1,3,3,1
cannon_leopard,838,159,1-0,24,8,3,5,6,2
cannon_leopard,839,137,1-0,18,8,4,4,5,3
cannon_leopard,840,155,1-0,15,7,3,4,5,2
cannon_leopard,841,167,1-0,17,11,7,4,7,4
cannon_leopard,842,174,0-1,7,5,2,3,1,4
cannon_leopard,843,356,0-1,19,7,3,4,3,4
cannon_leopard,844,143,1-0,15,7,3,4,4,3
cannon_leopard,845,327,1/2-1/2,11,5,1,4,2,3
cannon_leopard,846,235,1-0,5,3,0,3,2,1
cannon_leopard,847,168,0-1,10,4,1,3,1,3
cannon_leopard,848,137,1/2-1/2,6,8,6,2,4,4
cannon_leopard,849,207,1-0,15,5,1,4,4,1
cannon_leopard,850,187,1-0,5,3,0,3,2,1
cannon_leopard,851,146,1/2-1/2,24,12,6,6,7,5
cannon_leopard,852,148,1/2-1/2,31,15,10,5,8,7
cannon_leopard,853,145,1/2-1/2,20,10,4,6,5,5
cannon_leopard,854,124,0-1,20,8,3,5,4,4
cannon_leopard,855,147,1-0,15,7,3,4,6,1
cannon_leopard,856,185,1-0,10,4,1,3,3,1
cannon_leopard,857,154,0-1,24,8,3,5,4,4
cannon_leopard,858,139,1-0,22,8,4,4,5,3
cannon_leopard,859,161,1-0,24,6,1,5,5,1
cannon_leopard,860,291,1-0,5,3,0,3,2,1
cannon_leopard,861,287,1-0,29,7,2,5,5,2
cannon_leopard,862,107,1-0,32,12,6,6,9,3
cannon_leopard,863,178,0-1,9,3,0,3,1,2
cannon_leopard,864,238,0-1,17,5,0,5,1,4
cannon_leopard,865,180,0-1,19,5,1,4,1,4
cannon_leopard,866,162,0-1,20,6,1,5,3,3
cannon_leopard,867,284,0-1,15,7,3,4,2,5
cannon_leopard,868,205,1/2-1/2,20,6,2,4,3,3
cannon_leopard,869,188,0-1,22,8,2,6,2,6
cannon_leopard,870,182,0-1,21,7,3,4,1,6
cannon_leopard,871,164,1/2-1/2,32,14,8,6,7,7
cannon_leopard,872,212,0-1,17,7,3,4,2,5
cannon_leopard,873,128,1/2-1/2,32,14,6,8,7,7
cannon_leopard,874,242,0-1,5,3,0,3,1,2
cannon_leopard,875,193,1-0,9,7,3,4,3,4
cannon_leopard,876,142,0-1,14,8,5,3,1,7
cannon_leopard,877,199,1-0,16,8,3,5,6,2
cannon_leopard,878,173,1-0,21,7,3,4,5,2
cannon_leopard,879,193,1-0,19,5,1,4,4,1
cannon_leopard,880,150,0-1,18,8,4,4,2,6
cannon_leopard,881,188,0-1,23,11,7,4,5,6
cannon_leopard,882,175,1/2-1/2,0,2,0,2,1,1
cannon_leopard,883,94,1/2-1/2,45,17,8,9,9,8
cannon_leopard,884,176,0-1,21,7,2,5,2,5
cannon_leopard,885,105,1/2-1/2,26,12,6,6,6,6
cannon_leopard,886,131,1-0,24,14,9,5,9,5
cannon_leopard,887,133,1-0,15,5,1,4,4,1
cannon_leopard,888,168,0-1,14,4,0,4,1,3
cannon_leopard,889,150,1/2-1/2,13,7,3,4,3,4
cannon_leopard,890,164,1/2-1/2,12,6,2,4,3,3
cannon_leopard,891,148,0-1,37,11,4,7,4,7
cannon_leopard,892,194,0-1,15,5,1,4,1,4
cannon_leopard,893,141,1-0,20,6,2,4,5,1
cannon_leopard,894,160,0-1,15,7,3,4,1,6
cannon_leopard,895,199,1-0,1,3,1,2,1,2
cannon_leopard,896,498,1/2-1/2,6,4,0,4,2,2
cannon_leopard,897,359,1-0,25,7,2,5,6,1
cannon_leopard,898,298,0-1,18,4,0,4,1,3
cannon_leopard,899,137,1-0,15,7,3,4,5,2
cannon_leopard,900,97,1-0,27,13,7,6,9,4
cannon_leopard,901,139,1/2-1/2,24,12,7,5,5,7
cannon_leopard,902,329,1/2-1/2,6,4,0,4,3,1
cannon_leopard,903,293,1/2-1/2,3,3,0,3,1,2
cannon_leopard,904,167,1/2-1/2,26,12,8,4,5,7
cannon_leopard,905,145,1-0,19,5,1,4,3,2
cannon_leopard,906,154,1/2-1/2,26,12,8,4,6,6
cannon_leopard,907,192,0-1,24,10,6,4,4,6
cannon_leopard,908,163,1-0,4,6,4,2,3,3
cannon_leopard,909,157,1-0,9,5,1,4,4,1
cannon_leopard,910,112,0-1,31,15,9,6,6,9
cannon_leopard,911,121,1/2-1/2,25,11,7,4,5,6
cannon_leopard,912,251,1-0,5,3,0,3,2,1
cannon_leopard,913,197,1-0,5,3,0,3,2,1
cannon_leopard,914,144,0-1,32,8,2,6,4,4
cannon_leopard,915,156,0-1,9,3,0,3,1,2
cannon_leopard,916,203,1-0,12,4,0,4,3,1
cannon_leopard,917,167,1-0,24,8,3,5,6,2
cannon_leopard,918,120,0-1,22,10,5,5,3,7
cannon_leopard,919,157,1/2-1/2,3,3,0,3,2,1
cannon_leopard,920,226,0-1,15,7,2,5,2,5
cannon_leopard,921,157,1-0,21,5,0,5,4,1
cannon_leopard,922,160,0-1,26,6,1,5,2,4
cannon_leopard,923,151,1/2-1/2,15,9,5,4,5,4
cannon_leopard,924,366,1/2-1/2,80,28,14,14,14,14
cannon_leopard,925,158,0-1,21,5,0,5,1,4
cannon_leopard,926,222,1/2-1/2,3,3,0,3,2,1
cannon_leopard,927,128,0-1,24,12,8,4,4,8
cannon_leopard,928,147,1/2-1/2,22,12,6,6,6,6
cannon_leopard,929,225,1-0,22,12,8,4,6,6
cannon_leopard,930,144,0-1,18,8,4,4,3,5
cannon_leopard,931,344,0-1,18,6,2,4,4,2
cannon_leopard,932,184,0-1,20,6,2,4,1,5
cannon_leopard,933,143,1-0,20,8,3,5,6,2
cannon_leopard,934,261,1/2-1/2,6,4,0,4,2,2
cannon_leopard,935,157,1-0,16,6,2,4,5,1
cannon_leopard,936,227,1/2-1/2,21,7,3,4,4,3
cannon_leopard,937,246,0-1,39,17,11,6,9,8
cannon_leopard,938,175,1-0,14,4,0,4,3,1
cannon_leopard,939,176,0-1,10,4,0,4,1,3
cannon_leopard,940,292,1/2-1/2,8,4,0,4,2,2
cannon_leopard,941,172,0-1,27,7,2,5,3,4
cannon_leopard,942,202,1/2-1/2,18,6,1,5,4,2
cannon_leopard,943,235,1-0,18,4,0,4,3,1
cannon_leopard,944,146,0-1,18,4,0,4,1,3
cannon_leopard,945,214,1/2-1/2,0,2,0,2,1,1
cannon_leopard,946,367,1-0,23,11,6,5,8,3
cannon_leopard,947,201,1-0,28,6,1,5,4,2
cannon_leopard,948,128,1/2-1/2,24,10,4,6,3,7
cannon_leopard,949,124,1/2-1/2,20,6,2,4,3,3
cannon_leopard,950,161,1-0,19,5,1,4,4,1
cannon_leopard,951,144,0-1,18,8,4,4,3,5
cannon_leopard,952,131,1/2-1/2,38,12,4,8,6,6
cannon_leopard,953,600,1/2-1/2,6,4,0,4,2,2
cannon_leopard,954,145,1-0,17,7,3,4,5,2
cannon_leopard,955,169,1-0,27,5,0,5,3,2
cannon_leopard,956,515,1/2-1/2,15,5,0,5,2,3
cannon_leopard,957,127,1/2-1/2,37,15,9,6,8,7
cannon_leopard,958,139,1-0,7,7,4,3,5,2
cannon_leopard,959,156,0-1,20,6,2,4,2,4
cannon_leopard,960,247,1/2-1/2,33,15,8,7,8,7
cannon_leopard,961,240,1/2-1/2,3,3,0,3,1,2
cannon_leopard,962,192,0-1,5,3,0,3,1,2
cannon_leopard,963,197,1-0,14,8,4,4,5,3
cannon_leopard,964,116,0-1,36,12,4,8,7,5
cannon_leopard,965,156,1/2-1/2,13,7,3,4,4,3
cannon_leopard,966,136,0-1,17,11,7,4,5,6
cannon_leopard,967,126,0-1,31,11,6,5,5,6
cannon_leopard,968,212,0-1,10,4,1,3,1,3
cannon_leopard,969,193,1-0,4,4,1,3,2,2
cannon_leopard,970,227,1-0,15,5,1,4,4,1
cannon_leopard,971,162,0-1,12,10,6,4,4,6
cannon_leopard,972,349,1/2-1/2,13,5,0,5,2,3
cannon_leopard,973,185,1-0,2,4,2,2,2,2
cannon_leopard,974,159,1-0,30,10,5,5,5,5
cannon_leopard,975,188,0-1,13,5,1,4,1,4
cannon_leopard,976,126,0-1,27,11,5,6,5,6
cannon_leopard,977,163,1-0,2,4,2,2,2,2
cannon_leopard,978,158,0-1,16,6,2,4,2,4
cannon_leopard,979,161,1-0,23,5,0,5,4,1
cannon_leopard,980,139,1-0,16,8,4,4,7,1
cannon_leopard,981,105,1-0,29,15,8,7,8,7
cannon_leopard,982,173,1-0,9,5,1,4,4,1
cannon_leopard,983,187,1-0,8,4,0,4,3,1
cannon_leopard,984,168,0-1,13,7,3,4,1,6
cannon_leopard,985,153,1-0,9,7,4,3,5,2
cannon_leopard,986,196,0-1,19,5,1,4,1,4
cannon_leopard,987,269,1-0,18,4,0,4,3,1
cannon_leopard,988,135,1-0,18,10,6,4,5,5
cannon_leopard,989,166,0-1,18,4,0,4,1,3
cannon_leopard,990,114,1/2-1/2,47,15,8,7,7,8
cannon_leopard,991,170,0-1,20,12,7,5,3,9
cannon_leopard,992,146,1/2-1/2,27,13,9,4,7,6
cannon_leopard,993,112,1/2-1/2,53,17,8,9,8,9
cannon_leopard,994,170,0-1,15,5,1,4,1,4
cannon_leopard,995,232,1/2-1/2,10,4,0,4,2,2
cannon_leopard,996,163,1-0,10,4,1,3,3,1
cannon_leopard,997,137,1-0,18,8,4,4,5,3
cannon_leopard,998,223,1-0,9,3,0,3,2,1
cannon_leopard,999,163,1-0,13,5,1,4,4,1
cannon_leopard,1000,247,1-0,12,4,0,4,3,1
cannon_leopard,1001,171,1-0,8,4,0,4,3,1
cannon_leopard,1002,105,1/2-1/2,40,14,5,9,7,7
cannon_leopard,1003,59,1-0,45,19,10,9,10,9
cannon_leopard,1004,129,1-0,15,7,3,4,4,3
cannon_leopard,1005,197,1-0,6,4,1,3,3,1
cannon_leopard,1006,113,1-0,21,7,2,5,6,1
cannon_leopard,1007,107,1-0,23,9,4,5,6,3
cannon_leopard,1008,97,1/2-1/2,49,19,9,10,11,8
cannon_leopard,1009,299,1-0,5,3,0,3,2,1
cannon_leopard,1010,127,1-0,17,11,8,3,6,5
cannon_leopard,1011,156,0-1,25,13,9,4,6,7
cannon_leopard,1012,226,1/2-1/2,14,12,9,3,5,7
cannon_leopard,1013,159,1/2-1/2,10,4,0,4,2,2
cannon_leopard,1014,245,1/2-1/2,6,8,6,2,4,4
cannon_leopard,1015,325,1-0,24,10,6,4,5,5
cannon_leopard,1016,193,1/2-1/2,10,4,0,4,2,2
cannon_leopard,1017,287,1/2-1/2,6,4,0,4,2,2
cannon_leopard,1018,115,1-0,20,8,3,5,6,2
cannon_leopard,1019,177,1/2-1/2,15,9,5,4,4,5
cannon_leopard,1020,180,0-1,22,8,4,4,2,6
cannon_leopard,1021,153,1-0,10,4,1,3,3,1
cannon_leopard,1022,144,1/2-1/2,0,2,0,2,1,1
cannon_leopard,1023,150,0-1,23,9,5,4,3,6
cannon_leopard,1024,151,1/2-1/2,41,17,9,8,9,8
cannon_leopard,1025,185,1-0,12,8,4,4,6,2
cannon_leopard,1026,188,0-1,16,6,2,4,2,4
cannon_leopard,1027,176,0-1,27,11,6,5,5,6
cannon_leopard,1028,104,1/2-1/2,45,13,6,7,7,6
cannon_leopard,1029,126,0-1,19,9,5,4,2,7
cannon_leopard,1030,125,1-0,23,13,7,6,7,6
cannon_leopard,1031,313,1/2-1/2,9,5,0,5,3,2
cannon_leopard,1032,135,1/2-1/2,12,10,6,4,5,5
cannon_leopard,1033,239,1/2-1/2,10,4,0,4,2,2
cannon_leopard,1034,151,1-0,7,5,2,3,4,1
cannon_leopard,1035,194,0-1,18,4,0,4,1,3
cannon_leopard,1036,175,1-0,26,10,5,5,6,4
cannon_leopard,1037,206,0-1,46,14,5,9,6,8
cannon_leopard,1038,166,0-1,25,9,4,5,4,5
cannon_leopard,1039,310,0-1,19,5,1,4,2,3
cannon_leopard,1040,183,1-0,13,5,1,4,4,1
cannon_leopard,1041,206,0-1,17,5,1,4,2,3
cannon_leopard,1042,94,0-1,33,13,7,6,5,8
cannon_leopard,1043,118,0-1,24,12,7,5,3,9
cannon_leopard,1044,159,1-0,15,5,0,5,4,1
cannon_leopard,1045,166,0-1,17,7,3,4,2,5
cannon_leopard,1046,148,0-1,18,4,0,4,1,3
cannon_leopard,1047,128,0-1,37,9,3,6,4,5
cannon_leopard,1048,150,0-1,15,5,1,4,2,3
cannon_leopard,1049,267,1/2-1/2,10,4,0,4,2,2
cannon_leopard,1050,204,0-1,17,5,0,5,1,4
cannon_leopard,1051,149,1-0,12,4,0,4,3,1
cannon_leopard,1052,243,1-0,5,3,0,3,2,1
cannon_leopard,1053,161,1-0,11,5,1,4,4,1
cannon_leopard,1054,169,1/2-1/2,0,2,0,2,1,1
cannon_leopard,1055,153,1-0,18,10,6,4,6,4
cannon_leopard,1056,129,1-0,19,5,1,4,4,1
cannon_leopard,1057,150,0-1,19,5,1,4,1,4
cannon_leopard,1058,163,1/2-1/2,8,10,8,2,5,5
cannon_leopard,1059,145,1-0,35,11,5,6,8,3
cannon_leopard,1060,98,1/2-1/2,21,11,6,5,5,6
cannon_leopard,1061,28,1/2-1/2,82,32,16,16,16,16
cannon_leopard,1062,126,0-1,21,9,5,4,4,5
cannon_leopard,1063,170,0-1,20,6,2,4,2,4
cannon_leopard,1064,150,1/2-1/2,12,10,6,4,5,5
cannon_leopard,1065,91,1-0,29,15,10,5,9,6
cannon_leopard,1066,210,0-1,14,4,0,4,1,3
cannon_leopard,1067,153,1-0,2,4,2,2,1,3
cannon_leopard,1068,117,1/2-1/2,12,6,2,4,3,3
cannon_leopard,1069,238,0-1,18,4,0,4,1,3
cannon_leopard,1070,185,1-0,11,5,0,5,4,1
cannon_leopard,1071,168,0-1,8,4,0,4,1,3
cannon_leopard,1072,187,1-0,15,5,1,4,4,1
cannon_leopard,1073,303,1-0,14,4,0,4,3,1
cannon_leopard,1074,352,0-1,36,6,0,6,2,4
cannon_leopard,1075,132,0-1,19,5,1,4,2,3
cannon_leopard,1076,173,1-0,15,5,0,5,4,1
cannon_leopard,1077,160,0-1,17,7,3,4,2,5
cannon_leopard,1078,294,0-1,5,3,0,3,1,2
cannon_leopard,1079,318,0-1,19,5,1,4,1,4
cannon_leopard,1080,168,0-1,19,9,4,5,3,6
cannon_leopard,1081,160,0-1,13,5,1,4,1,4
cannon_leopard,1082,148,0-1,20,12,8,4,5,7
cannon_leopard,1083,138,0-1,19,5,1,4,2,3
cannon_leopard,1084,216,0-1,18,4,0,4,1,3
cannon_leopard,1085,208,0-1,12,6,3,3,2,4
cannon_leopard,1086,261,1-0,5,3,0,3,2,1
cannon_leopard,1087,221,1/2-1/2,1,3,1,2,2,1
cannon_leopard,1088,59,1-0,46,20,11,9,10,10
cannon_leopard,1089,223,1/2-1/2,34,16,8,8,7,9
cannon_leopard,1090,144,0-1,20,6,2,4,1,5
cannon_leopard,1091,167,1-0,22,6,1,5,5,1
cannon_leopard,1092,174,0-1,22,6,0,6,2,4
cannon_leopard,1093,152,0-1,14,6,2,4,1,5
cannon_leopard,1094,164,1/2-1/2,36,14,8,6,7,7
cannon_leopard,1095,205,1-0,17,7,3,4,5,2
cannon_leopard,1096,180,0-1,33,9,2,7,3,6
cannon_leopard,1097,230,0-1,14,4,0,4,1,3
cannon_leopard,1098,171,1-0,13,5,1,4,4,1
cannon_leopard,1099,267,1-0,0,2,0,2,1,1
cannon_leopard,1100,236,1/2-1/2,28,14,7,7,6,8
cannon_leopard,1101,147,1-0,23,7,2,5,5,2
cannon_leopard,1102,234,0-1,12,4,0,4,1,3
cannon_leopard,1103,316,1/2-1/2,21,5,0,5,3,2
cannon_leopard,1104,139,1-0,19,9,4,5,6,3
cannon_leopard,1105,185,1-0,18,4,0,4,3,1
cannon_leopard,1106,146,1/2-1/2,3,3,0,3,1,2
cannon_leopard,1107,131,1-0,10,8,5,3,7,1
cannon_leopard,1108,207,1-0,21,5,0,5,4,1
cannon_leopard,1109,143,1-0,29,9,4,5,5,4
cannon_leopard,1110,189,1-0,3,3,0,3,2,1
cannon_leopard,1111,222,0-1,6,4,0,4,1,3
cannon_leopard,1112,158,0-1,26,14,9,5,7,7
cannon_leopard,1113,187,1-0,19,9,4,5,8,1
cannon_leopard,1114,176,0-1,19,5,1,4,2,3
cannon_leopard,1115,81,1/2-1/2,64,24,14,10,12,12
cannon_leopard,1116,177,1-0,0,2,0,2,1,1
cannon_leopard,1117,233,1-0,14,4,0,4,2,2
cannon_leopard,1118,223,1/2-1/2,20,6,2,4,3,3
cannon_leopard,1119,107,1-0,21,11,7,4,8,3
cannon_leopard,1120,137,1-0,20,6,2,4,5,1
cannon_leopard,1121,216,0-1,14,6,2,4,2,4
cannon_leopard,1122,148,0-1,17,5,1,4,2,3
cannon_leopard,1123,240,1/2-1/2,10,8,4,4,4,4
cannon_leopard,1124,207,1-0,10,4,1,3,3,1
cannon_leopard,1125,217,1-0,22,10,4,6,6,4
cannon_leopard,1126,219,1-0,8,4,0,4,3,1
cannon_leopard,1127,155,1-0,12,6,2,4,5,1
cannon_leopard,1128,163,1/2-1/2,22,10,5,5,5,5
cannon_leopard,1129,189,1-0,9,3,0,3,2,1
cannon_leopard,1130,229,1/2-1/2,3,3,0,3,2,1
cannon_leopard,1131,111,1-0,14,8,5,3,5,3
cannon_leopard,1132,247,1-0,9,3,0,3,2,1
cannon_leopard,1133,195,1-0,13,5,1,4,4,1
cannon_leopard,1134,233,1/2-1/2,9,7,3,4,4,3
cannon_leopard,1135,369,1/2-1/2,13,5,0,5,3,2
cannon_leopard,1136,323,1-0,20,6,2,4,5,1
cannon_leopard,1137,374,1/2-1/2,20,10,4,6,5,5
cannon_leopard,1138,173,1-0,11,5,2,3,4,1
cannon_leopard,1139,121,1-0,16,6,2,4,5,1
cannon_leopard,1140,156,0-1,14,4,0,4,1,3
cannon_leopard,1141,135,1/2-1/2,27,11,4,7,6,5
cannon_leopard,1142,176,0-1,20,6,2,4,1,5
cannon_leopard,1143,154,0-1,17,5,1,4,2,3
cannon_leopard,1144,166,0-1,14,4,0,4,1,3
cannon_leopard,1145,257,1-0,0,2,0,2,1,1
cannon_leopard,1146,197,1/2-1/2,13,11,7,4,6,5
cannon_leopard,1147,172,0-1,10,4,1,3,1,3
cannon_leopard,1148,170,0-1,11,5,1,4,1,4
cannon_leopard,1149,182,0-1,12,4,0,4,1,3
cannon_leopard,1150,178,0-1,15,7,3,4,2,5
cannon_leopard,1151,158,0-1,24,10,5,5,4,6
cannon_leopard,1152,189,1-0,8,6,3,3,4,2
cannon_leopard,1153,311,1/2-1/2,16,4,0,4,2,2
cannon_leopard,1154,139,1-0,16,6,2,4,5,1
cannon_leopard,1155,156,1/2-1/2,28,10,4,6,6,4
cannon_leopard,1156,153,1/2-1/2,0,2,0,2,1,1
cannon_leopard,1157,183,1-0,15,5,1,4,4,1
cannon_leopard,1158,188,0-1,30,12,6,6,5,7
cannon_leopard,1159,235,1-0,6,4,0,4,3,1
cannon_leopard,1160,193,1-0,9,3,0,3,2,1
cannon_leopard,1161,205,1-0,9,3,0,3,2,1
cannon_leopard,1162,130,0-1,17,5,1,4,2,3
cannon_leopard,1163,134,0-1,13,11,8,3,5,6
cannon_leopard,1164,109,1/2-1/2,26,12,5,7,5,7
cannon_leopard,1165,212,0-1,9,3,0,3,1,2
cannon_leopard,1166,81,1/2-1/2,40,16,8,8,9,7
cannon_leopard,1167,180,0-1,16,6,2,4,2,4
cannon_leopard,1168,267,1/2-1/2,29,9,3,6,4,5
cannon_leopard,1169,127,1-0,17,11,7,4,7,4
cannon_leopard,1170,162,0-1,23,7,2,5,1,6
cannon_leopard,1171,139,1-0,8,6,3,3,5,1
cannon_leopard,1172,158,0-1,29,9,4,5,5,4
cannon_leopard,1173,214,1/2-1/2,19,5,0,5,3,2
cannon_leopard,1174,147,1-0,19,5,1,4,4,1
cannon_leopard,1175,207,1/2-1/2,8,10,8,2,5,5
cannon_leopard,1176,173,1/2-1/2,22,8,4,4,5,3
cannon_leopard,1177,178,0-1,18,4,0,4,1,3
cannon_leopard,1178,160,0-1,28,14,8,6,5,9
cannon_leopard,1179,174,0-1,19,5,0,5,2,3
cannon_leopard,1180,186,0-1,18,4,0,4,1,3
cannon_leopard,1181,130,0-1,29,13,8,5,6,7
cannon_leopard,1182,136,1/2-1/2,0,2,0,2,1,1
cannon_leopard,1183,176,0-1,24,8,3,5,3,5
cannon_leopard,1184,159,1/2-1/2,3,3,0,3,2,1
cannon_leopard,1185,173,1-0,0,2,0,2,1,1
cannon_leopard,1186,186,0-1,14,4,0,4,1,3
cannon_leopard,1187,150,0-1,15,5,1,4,1,4
cannon_leopard,1188,207,1-0,5,5,2,3,3,2
cannon_leopard,1189,183,1-0,17,7,3,4,5,2
cannon_leopard,1190,227,1-0,18,4,0,4,3,1
cannon_leopard,1191,100,1/2-1/2,27,13,8,5,6,7
cannon_leopard,1192,157,1-0,12,6,2,4,5,1
cannon_leopard,1193,162,0-1,21,9,4,5,4,5
cannon_leopard,1194,199,1-0,9,3,0,3,2,1
cannon_leopard,1195,150,0-1,8,6,3,3,1,5
cannon_leopard,1196,127,1-0,18,8,4,4,6,2
cannon_leopard,1197,156,0-1,15,5,1,4,1,4
cannon_leopard,1198,108,0-1,35,13,6,7,4,9
cannon_leopard,1199,144,0-1,20,6,2,4,2,4
cannon_leopard,1200,287,1-0,9,3,0,3,2,1
cannon_leopard,1201,172,0-1,19,5,1,4,1,4
cannon_leopard,1202,274,1/2-1/2,13,7,2,5,4,3
cannon_leopard,1203,321,1-0,6,4,0,4,3,1
cannon_leopard,1204,141,1/2-1/2,3,3,0,3,2,1
cannon_leopard,1205,167,1-0,11,5,2,3,4,1
cannon_leopard,1206,192,0-1,19,7,3,4,4,3
cannon_leopard,1207,145,1-0,23,13,8,5,8,5
cannon_leopard,1208,193,1-0,18,4,0,4,3,1
cannon_leopard,1209,176,0-1,21,5,0,5,1,4
cannon_leopard,1210,198,0-1,27,7,2,5,3,4
cannon_leopard,1211,268,0-1,22,8,3,5,3,5
cannon_leopard,1212,131,1-0,17,7,2,5,5,2
cannon_leopard,1213,204,0-1,24,8,3,5,1,7
cannon_leopard,1214,159,1/2-1/2,4,6,4,2,3,3
cannon_leopard,1215,167,1-0,18,8,4,4,5,3
cannon_leopard,1216,207,1-0,10,10,7,3,5,5
cannon_leopard,1217,251,1/2-1/2,10,4,0,4,2,2
cannon_leopard,1218,180,0-1,19,5,1,4,1,4
cannon_leopard,1219,128,1/2-1/2,52,16,7,9,9,7
cannon_leopard,1220,123,1-0,18,12,7,5,6,6
cannon_leopard,1221,240,0-1,9,3,0,3,1,2
cannon_leopard,1222,189,1-0,14,8,5,3,6,2
cannon_leopard,1223,140,0-1,22,10,5,5,3,7
cannon_leopard,1224,237,1-0,35,9,2,7,7,2
cannon_leopard,1225,189,1-0,15,7,3,4,6,1
cannon_leopard,1226,80,0-1,48,16,7,9,7,9
cannon_leopard,1227,184,0-1,20,6,2,4,2,4
cannon_leopard,1228,119,1-0,18,8,4,4,7,1
cannon_leopard,1229,131,1-0,12,4,0,4,3,1
cannon_leopard,1230,168,1/2-1/2,4,6,4,2,3,3
cannon_leopard,1231,185,1/2-1/2,0,2,0,2,1,1
cannon_leopard,1232,191,1-0,9,5,1,4,4,1
cannon_leopard,1233,206,0-1,26,8,3,5,2,6
cannon_leopard,1234,148,0-1,27,15,8,7,7,8
cannon_leopard,1235,195,1/2-1/2,90,30,14,16,15,15
cannon_leopard,1236,206,0-1,19,5,1,4,1,4
cannon_leopard,1237,134,1/2-1/2,44,20,12,8,10,10
cannon_leopard,1238,156,0-1,10,6,2,4,1,5
cannon_leopard,1239,149,1/2-1/2,3,3,0,3,2,1
cannon_leopard,1240,153,1-0,7,5,2,3,1,4
cannon_leopard,1241,181,1-0,16,10,6,4,6,4
cannon_leopard,1242,272,1/2-1/2,13,5,0,5,2,3
cannon_leopard,1243,164,0-1,10,4,1,3,1,3
cannon_leopard,1244,185,1/2-1/2,35,13,6,7,8,5
cannon_leopard,1245,218,1/2-1/2,0,2,0,2,1,1
cannon_leopard,1246,210,1/2-1/2,11,5,1,4,2,3
cannon_leopard,1247,122,1/2-1/2,31,11,5,6,5,6
cannon_leopard,1248,236,1/2-1/2,10,4,1,3,1,3
cannon_leopard,1249,135,1-0,4,6,4,2,4,2
cannon_leopard,1250,163,1/2-1/2,3,3,0,3,2,1
cannon_leopard,1251,130,0-1,16,8,4,4,2,6
cannon_leopard,1252,170,0-1,18,4,0,4,1,3
cannon_leopard,1253,221,1-0,10,4,1,3,3,1
cannon_leopard,1254,158,0-1,17,9,5,4,3,6
cannon_leopard,1255,264,0-1,12,4,0,4,1,3
cannon_leopard,1256,215,1-0,17,9,5,4,6,3
cannon_leopard,1257,196,0-1,12,4,0,4,1,3
cannon_leopard,1258,170,1/2-1/2,12,6,2,4,3,3
cannon_leopard,1259,140,0-1,18,8,4,4,3,5
cannon_leopard,1260,186,0-1,18,4,0,4,1,3
cannon_leopard,1261,203,1-0,22,6,1,5,5,1
cannon_leopard,1262,213,1-0,5,3,0,3,2,1
cannon_leopard,1263,135,1/2-1/2,0,2,0,2,1,1
cannon_leopard,1264,245,1-0,24,8,3,5,6,2
cannon_leopard,1265,107,1-0,19,9,3,6,5,4
cannon_leopard,1266,175,1-0,18,4,0,4,3,1
cannon_leopard,1267,208,0-1,18,4,0,4,1,3
cannon_leopard,1268,125,1-0,19,7,2,5,5,2
cannon_leopard,1269,246,1/2-1/2,7,5,1,4,2,3
cannon_leopard,1270,128,1/2-1/2,3,3,0,3,1,2
cannon_leopard,1271,281,1-0,17,5,0,5,4,1
cannon_leopard,1272,81,1-0,20,12,8,4,8,4
cannon_leopard,1273,146,1/2-1/2,20,8,3,5,3,5
cannon_leopard,1274,113,1/2-1/2,40,14,7,7,6,8
cannon_leopard,1275,140,0-1,25,9,4,5,5,4
cannon_leopard,1276,200,1/2-1/2,11,5,0,5,3,2
cannon_leopard,1277,156,0-1,18,6,2,4,3,3
cannon_leopard,1278,315,1-0,21,7,3,4,5,2
cannon_leopard,1279,180,0-1,22,8,3,5,1,7
cannon_leopard,1280,174,0-1,21,7,2,5,2,5
cannon_leopard,1281,186,1/2-1/2,44,20,13,7,9,11
cannon_leopard,1282,142,0-1,27,9,4,5,3,6
cannon_leopard,1283,163,1-0,5,3,0,3,2,1
cannon_leopard,1284,155,1-0,16,6,2,4,4,2
cannon_leopard,1285,114,0-1,19,11,7,4,4,7
cannon_leopard,1286,183,1-0,19,5,1,4,3,2
cannon_leopard,1287,117,1-0,27,9,4,5,6,3
cannon_leopard,1288,116,0-1,22,10,5,5,2,8
cannon_leopard,1289,185,1-0,17,5,0,5,4,1
cannon_leopard,1290,142,0-1,20,8,4,4,3,5
cannon_leopard,1291,236,1/2-1/2,8,10,8,2,5,5
cannon_leopard,1292,136,1/2-1/2,16,6,0,6,3,3
cannon_leopard,1293,166,0-1,18,6,1,5,1,5
cannon_leopard,1294,308,1/2-1/2,84,28,14,14,14,14
cannon_leopard,1295,208,0-1,9,3,0,3,1,2
cannon_leopard,1296,243,1-0,5,3,0,3,2,1
cannon_leopard,1297,150,0-1,29,9,4,5,3,6
cannon_leopard,1298,144,1/2-1/2,6,8,6,2,4,4
cannon_leopard,1299,187,1-0,9,3,0,3,2,1
cannon_leopard,1300,212,0-1,29,11,4,7,2,9
cannon_leopard,1301,183,1-0,17,7,3,4,5,2
cannon_leopard,1302,190,0-1,19,5,0,5,2,3
cannon_leopard,1303,148,0-1,19,11,7,4,5,6
cannon_leopard,1304,146,0-1,18,8,4,4,3,5
cannon_leopard,1305,151,1-0,19,5,1,4,4,1
cannon_leopard,1306,136,0-1,5,3,0,3,1,2
cannon_leopard,1307,171,1-0,8,6,3,3,4,2
cannon_leopard,1308,142,1/2-1/2,10,8,4,4,4,4
cannon_leopard,1309,154,1/2-1/2,12,10,6,4,5,5
cannon_leopard,1310,191,1/2-1/2,0,2,0,2,1,1
cannon_leopard,1311,240,1/2-1/2,11,5,1,4,2,3
cannon_leopard,1312,183,1-0,14,6,2,4,5,1
cannon_leopard,1313,180,0-1,5,3,0,3,1,2
cannon_leopard,1314,228,0-1,28,10,3,7,4,6
cannon_leopard,1315,239,1/2-1/2,20,10,4,6,6,4
cannon_leopard,1316,237,1/2-1/2,0,2,0,2,1,1
cannon_leopard,1317,208,1/2-1/2,12,6,2,4,3,3
cannon_leopard,1318,131,1-0,29,9,3,6,5,4
cannon_leopard,1319,140,1/2-1/2,24,12,8,4,6,6
cannon_leopard,1320,131,1/2-1/2,20,10,6,4,6,4
cannon_leopard,1321,217,1-0,19,5,1,4,4,1
cannon_leopard,1322,154,0-1,20,6,2,4,2,4
cannon_leopard,1323,194,0-1,20,8,4,4,4,4
cannon_leopard,1324,206,0-1,19,9,4,5,1,8
cannon_leopard,1325,216,0-1,18,4,0,4,1,3
cannon_leopard,1326,191,1-0,12,4,0,4,3,1
cannon_leopard,1327,164,0-1,39,13,6,7,6,7
cannon_leopard,1328,207,1/2-1/2,30,12,6,6,6,6
cannon_leopard,1329,202,1/2-1/2,15,13,9,4,7,6
cannon_leopard,1330,118,0-1,22,10,6,4,5,5
cannon_leopard,1331,207,1-0,0,2,0,2,1,1
cannon_leopard,1332,177,1-0,7,5,2,3,4,1
cannon_leopard,1333,210,0-1,16,6,2,4,1,5
cannon_leopard,1334,148,0-1,23,9,5,4,4,5
cannon_leopard,1335,207,1-0,15,5,1,4,4,1
cannon_leopard,1336,165,1-0,21,9,4,5,7,2
cannon_leopard,1337,130,0-1,48,20,11,9,10,10
cannon_leopard,1338,186,0-1,18,6,1,5,1,5
cannon_leopard,1339,172,1/2-1/2,12,6,2,4,3,3
cannon_leopard,1340,301,1-0,20,10,6,4,6,4
cannon_leopard,1341,143,1-0,6,6,3,3,5,1
cannon_leopard,1342,264,0-1,18,4,0,4,1,3
cannon_leopard,1343,154,0-1,41,13,7,6,5,8
cannon_leopard,1344,162,0-1,20,8,3,5,3,5
cannon_leopard,1345,131,1-0,21,9,4,5,8,1
cannon_leopard,1346,114,1/2-1/2,34,16,10,6,8,8
cannon_leopard,1347,167,1-0,22,8,4,4,4,4
cannon_leopard,1348,153,1-0,12,4,0,4,3,1
cannon_leopard,1349,135,1-0,11,5,2,3,4,1
cannon_leopard,1350,158,0-1,17,7,3,4,2,5
cannon_leopard,1351,143,1-0,14,8,5,3,5,3
cannon_leopard,1352,163,1-0,11,5,2,3,4,1
cannon_leopard,1353,127,1-0,15,5,1,4,4,1
cannon_leopard,1354,185,1-0,5,3,0,3,2,1
cannon_leopard,1355,287,1-0,19,11,7,4,7,4
cannon_leopard,1356,154,0-1,18,4,0,4,1,3
cannon_leopard,1357,254,1/2-1/2,11,5,1,4,3,2
cannon_leopard,1358,174,0-1,22,6,0,6,2,4
cannon_leopard,1359,150,0-1,21,7,2,5,3,4
cannon_leopard,1360,155,1-0,4,6,4,2,4,2
cannon_leopard,1361,171,1-0,19,9,4,5,6,3
cannon_leopard,1362,171,1-0,19,7,2,5,5,2
cannon_leopard,1363,234,1/2-1/2,0,2,0,2,1,1
cannon_leopard,1364,125,1/2-1/2,38,14,6,8,8,6
cannon_leopard,1365,161,1-0,5,5,2,3,4,1
cannon_leopard,1366,327,1-0,14,4,0,4,3,1
cannon_leopard,1367,165,1-0,12,6,3,3,5,1
cannon_leopard,1368,244,1/2-1/2,22,16,10,6,8,8
cannon_leopard,1369,124,1/2-1/2,16,8,3,5,4,4
cannon_leopard,1370,191,1/2-1/2,97,33,15,18,16,17
cannon_leopard,1371,212,1/2-1/2,84,28,14,14,14,14
cannon_leopard,1372,99,1-0,19,13,9,4,7,6
cannon_leopard,1373,158,0-1,15,5,1,4,1,4
cannon_leopard,1374,160,0-1,11,5,2,3,1,4
cannon_leopard,1375,120,0-1,16,6,2,4,1,5
cannon_leopard,1376,390,0-1,18,4,0,4,1,3
cannon_leopard,1377,127,1-0,20,6,2,4,4,2
cannon_leopard,1378,166,1/2-1/2,7,5,1,4,3,2
cannon_leopard,1379,164,0-1,19,7,3,4,3,4
cannon_leopard,1380,121,1-0,14,10,6,4,7,3
cannon_leopard,1381,120,0-1,25,11,6,5,4,7
cannon_leopard,1382,183,1-0,3,3,0,3,2,1
cannon_leopard,1383,111,1-0,17,11,7,4,6,5
cannon_leopard,1384,156,0-1,21,9,4,5,2,7
cannon_leopard,1385,121,1-0,25,11,7,4,7,4
cannon_leopard,1386,122,0-1,26,12,7,5,6,6
cannon_leopard,1387,163,1-0,14,4,0,4,3,1
cannon_leopard,1388,146,1/2-1/2,3,3,0,3,1,2
cannon_leopard,1389,122,0-1,25,7,1,6,2,5
cannon_leopard,1390,174,0-1,21,7,2,5,1,6
cannon_leopard,1391,143,1-0,14,8,5,3,5,3
cannon_leopard,1392,102,1/2-1/2,46,20,12,8,10,10
cannon_leopard,1393,165,1-0,19,7,2,5,6,1
cannon_leopard,1394,124,1/2-1/2,32,12,6,6,6,6
cannon_leopard,1395,242,0-1,10,4,0,4,1,3
cannon_leopard,1396,143,1-0,23,9,5,4,6,3
cannon_leopard,1397,179,1-0,12,4,0,4,3,1
cannon_leopard,1398,173,1-0,19,9,4,5,5,4
cannon_leopard,1399,175,1-0,5,3,0,3,2,1
cannon_leopard,1400,174,0-1,21,11,7,4,4,7
cannon_leopard,1401,136,0-1,14,10,6,4,3,7
cannon_leopard,1402,269,1/2-1/2,0,2,0,2,1,1
cannon_leopard,1403,180,0-1,11,5,2,3,1,4
cannon_leopard,1404,128,0-1,19,5,1,4,1,4
cannon_leopard,1405,176,1/2-1/2,65,21,8,13,11,10
cannon_leopard,1406,157,1-0,21,5,0,5,4,1
cannon_leopard,1407,203,1-0,23,11,5,6,7,4
cannon_leopard,1408,137,1-0,19,7,2,5,5,2
cannon_leopard,1409,320,1/2-1/2,79,27,13,14,13,14
cannon_leopard,1410,191,1-0,18,6,1,5,5,1
cannon_leopard,1411,176,0-1,26,8,3,5,2,6
cannon_leopard,1412,108,0-1,31,11,6,5,5,6
cannon_leopard,1413,52,1/2-1/2,73,27,12,15,13,14
cannon_leopard,1414,154,0-1,26,8,2,6,2,6
cannon_leopard,1415,114,1/2-1/2,27,13,9,4,6,7
cannon_leopard,1416,186,0-1,20,6,2,4,1,5
cannon_leopard,1417,221,1-0,21,5,0,5,4,1
cannon_leopard,1418,191,1/2-1/2,3,3,0,3,2,1
cannon_leopard,1419,132,0-1,23,9,4,5,4,5
cannon_leopard,1420,173,1-0,26,10,5,5,8,2
cannon_leopard,1421,197,1-0,29,11,5,6,5,6
cannon_leopard,1422,153,1-0,26,10,4,6,8,2
cannon_leopard,1423,253,1/2-1/2,5,7,5,2,4,3
cannon_leopard,1424,236,0-1,20,6,2,4,1,5
cannon_leopard,1425,160,1/2-1/2,24,10,6,4,5,5
cannon_leopard,1426,211,1-0,19,5,1,4,4,1
cannon_leopard,1427,179,1-0,27,11,6,5,7,4
cannon_leopard,1428,252,0-1,16,4,0,4,2,2
cannon_leopard,1429,158,0-1,15,9,6,3,3,6
cannon_leopard,1430,167,1/2-1/2,13,9,5,4,4,5
cannon_leopard,1431,435,1-0,18,8,4,4,7,1
cannon_leopard,1432,354,1/2-1/2,41,11,4,7,6,5
cannon_leopard,1433,286,1/2-1/2,8,6,2,4,3,3
cannon_leopard,1434,103,1/2-1/2,36,14,8,6,7,7
cannon_leopard,1435,159,1-0,24,14,9,5,8,6
cannon_leopard,1436,150,0-1,18,6,2,4,2,4
cannon_leopard,1437,207,1/2-1/2,27,13,9,4,6,7
cannon_leopard,1438,250,1/2-1/2,5,3,0,3,1,2
cannon_leopard,1439,161,1-0,11,5,2,3,3,2
cannon_leopard,1440,209,1/2-1/2,0,2,0,2,1,1
cannon_leopard,1441,219,1-0,18,4,0,4,3,1
cannon_leopard,1442,83,1/2-1/2,70,22,10,12,11,11
cannon_leopard,1443,168,0-1,16,4,0,4,2,2
cannon_leopard,1444,124,0-1,19,9,5,4,3,6
cannon_leopard,1445,117,1-0,7,5,2,3,3,2
cannon_leopard,1446,164,0-1,22,10,5,5,2,8
cannon_leopard,1447,133,1/2-1/2,0,2,0,2,1,1
cannon_leopard,1448,79,1-0,48,18,10,8,9,9
cannon_leopard,1449,128,0-1,11,9,6,3,4,5
cannon_leopard,1450,237,1/2-1/2,1,3,1,2,2,1
cannon_leopard,1451,267,1-0,8,4,0,4,3,1
cannon_leopard,1452,504,0-1,27,7,2,5,4,3
cannon_leopard,1453,166,0-1,14,4,0,4,1,3
cannon_leopard,1454,230,1/2-1/2,18,8,2,6,4,4
cannon_leopard,1455,190,0-1,16,6,2,4,1,5
cannon_leopard,1456,159,1-0,23,7,2,5,5,2
cannon_leopard,1457,305,1-0,0,2,0,2,1,1
cannon_leopard,1458,141,1-0,8,6,3,3,2,4
cannon_leopard,1459,67,1/2-1/2,58,22,11,11,11,11
cannon_leopard,1460,174,1/2-1/2,10,12,10,2,6,6
cannon_leopard,1461,159,1-0,21,7,3,4,5,2
cannon_leopard,1462,237,1-0,0,2,0,2,1,1
cannon_leopard,1463,182,0-1,16,4,0,4,2,2
cannon_leopard,1464,110,0-1,20,8,3,5,1,7
cannon_leopard,1465,73,1-0,51,17,7,10,10,7
cannon_leopard,1466,270,0-1,18,4,0,4,1,3
cannon_leopard,1467,155,1/2-1/2,25,11,7,4,6,5
cannon_leopard,1468,154,0-1,12,6,2,4,2,4
cannon_leopard,1469,185,1-0,9,3,0,3,2,1
cannon_leopard,1470,280,0-1,15,9,5,4,1,8
cannon_leopard,1471,165,1-0,23,7,2,5,4,3
cannon_leopard,1472,168,1/2-1/2,0,2,0,2,1,1
cannon_leopard,1473,160,0-1,26,8,2,6,3,5
cannon_leopard,1474,212,0-1,23,5,0,5,1,4
cannon_leopard,1475,121,1-0,27,15,10,5,8,7
cannon_leopard,1476,125,1-0,3,5,3,2,3,2
cannon_leopard,1477,241,1-0,6,4,1,3,3,1
cannon_leopard,1478,195,1-0,9,3,0,3,2,1
cannon_leopard,1479,173,1-0,20,6,2,4,4,2
cannon_leopard,1480,135,1-0,12,6,3,3,5,1
cannon_leopard,1481,123,1-0,29,11,6,5,8,3
cannon_leopard,1482,177,1-0,6,6,3,3,5,1
cannon_leopard,1483,117,1-0,25,9,4,5,5,4
cannon_leopard,1484,291,1/2-1/2,40,22,14,8,11,11
cannon_leopard,1485,103,1-0,26,12,6,6,7,5
cannon_leopard,1486,137,1/2-1/2,14,8,4,4,4,4
cannon_leopard,1487,143,1-0,22,6,1,5,4,2
cannon_leopard,1488,159,1-0,9,3,0,3,2,1
cannon_leopard,1489,148,0-1,14,6,2,4,1,5
cannon_leopard,1490,178,0-1,17,5,0,5,1,4
cannon_leopard,1491,186,0-1,38,10,4,6,4,6
cannon_leopard,1492,175,1-0,10,4,1,3,3,1
cannon_leopard,1493,150,0-1,14,6,2,4,1,5
cannon_leopard,1494,161,1-0,9,7,4,3,5,2
cannon_leopard,1495,126,0-1,21,7,3,4,2,5
cannon_leopard,1496,128,0-1,21,7,3,4,3,4
cannon_leopard,1497,161,1-0,21,5,0,5,4,1
cannon_leopard,1498,181,1-0,18,4,0,4,3,1
cannon_leopard,1499,159,1-0,19,9,5,4,7,2
cannon_leopard,1500,196,0-1,15,7,2,5,2,5
cannon_leopard,1501,179,1/2-1/2,13,7,3,4,3,4
cannon_leopard,1502,224,0-1,23,7,2,5,2,5
cannon_leopard,1503,126,0-1,23,11,6,5,5,6
cannon_leopard,1504,164,0-1,16,10,7,3,4,6
cannon_leopard,1505,239,1-0,7,5,2,3,4,1
cannon_leopard,1506,273,1/2-1/2,0,2,0,2,1,1
cannon_leopard,1507,168,0-1,23,7,2,5,2,5
cannon_leopard,1508,101,1/2-1/2,29,11,4,7,4,7
cannon_leopard,1509,218,0-1,18,4,0,4,1,3
cannon_leopard,1510,164,0-1,22,8,3,5,3,5
cannon_leopard,1511,276,0-1,10,4,1,3,2,2
cannon_leopard,1512,214,0-1,26,8,2,6,3,5
cannon_leopard,1513,185,1-0,19,5,1,4,4,1
cannon_leopard,1514,152,0-1,20,6,2,4,1,5
cannon_leopard,1515,169,1/2-1/2,9,7,4,3,4,3
cannon_leopard,1516,147,1-0,5,7,5,2,4,3
cannon_leopard,1517,282,1/2-1/2,27,9,3,6,5,4
cannon_leopard,1518,128,0-1,18,8,3,5,3,5
cannon_leopard,1519,170,0-1,25,5,0,5,2,3
cannon_leopard,1520,216,0-1,17,5,1,4,2,3
cannon_leopard,1521,142,0-1,15,5,1,4,1,4
cannon_leopard,1522,84,1/2-1/2,38,14,6,8,7,7
cannon_leopard,1523,162,0-1,21,9,4,5,4,5
cannon_leopard,1524,225,1/2-1/2,3,3,0,3,2,1
cannon_leopard,1525,214,0-1,17,5,0,5,2,3
cannon_leopard,1526,94,0-1,42,16,8,8,8,8
cannon_leopard,1527,138,1/2-1/2,33,15,7,8,7,8
cannon_leopard,1528,284,1/2-1/2,10,6,2,4,2,4
cannon_leopard,1529,222,1/2-1/2,22,10,4,6,4,6
cannon_leopard,1530,130,0-1,16,6,2,4,1,5
cannon_leopard,1531,246,1/2-1/2,10,6,2,4,2,4
cannon_leopard,1532,154,0-1,16,6,1,5,1,5
cannon_leopard,1533,158,0-1,21,5,0,5,2,3
cannon_leopard,1534,335,1-0,21,7,3,4,6,1
cannon_leopard,1535,122,0-1,18,8,4,4,2,6
cannon_leopard,1536,129,1-0,9,5,1,4,4,1
cannon_leopard,1537,222,0-1,20,6,2,4,1,5
cannon_leopard,1538,163,1-0,27,11,6,5,7,4
cannon_leopard,1539,206,0-1,15,5,1,4,1,4
cannon_leopard,1540,120,1/2-1/2,33,11,5,6,6,5
cannon_leopard,1541,227,1/2-1/2,8,10,8,2,5,5
cannon_leopard,1542,254,0-1,21,5,0,5,3,2
cannon_leopard,1543,139,1/2-1/2,32,16,11,5,8,8
cannon_leopard,1544,350,0-1,20,6,2,4,1,5
cannon_leopard,1545,159,1/2-1/2,0,2,0,2,1,1
cannon_leopard,1546,139,1-0,6,8,6,2,4,4
cannon_leopard,1547,182,1/2-1/2,21,7,3,4,4,3
cannon_leopard,1548,186,0-1,5,3,0,3,1,2
cannon_leopard,1549,131,1-0,19,13,10,3,6,7
cannon_leopard,1550,81,1-0,43,19,10,9,11,8
cannon_leopard,1551,158,1/2-1/2,0,2,0,2,1,1
cannon_leopard,1552,196,0-1,20,8,4,4,4,4
cannon_leopard,1553,144,0-1,29,11,5,6,5,6
cannon_leopard,1554,129,1/2-1/2,32,12,5,7,8,4
cannon_leopard,1555,147,1-0,11,7,3,4,6,1
cannon_leopard,1556,101,1-0,7,9,7,2,6,3
cannon_leopard,1557,151,1-0,17,9,5,4,6,3
cannon_leopard,1558,136,0-1,22,12,7,5,4,8
cannon_leopard,1559,189,1/2-1/2,29,9,4,5,4,5
cannon_leopard,1560,161,1-0,11,7,3,4,6,1
cannon_leopard,1561,185,1/2-1/2,0,2,0,2,1,1
cannon_leopard,1562,155,1-0,14,6,2,4,5,1
cannon_leopard,1563,224,0-1,18,6,1,5,1,5
cannon_leopard,1564,372,0-1,19,5,1,4,1,4
cannon_leopard,1565,262,0-1,9,3,0,3,1,2
cannon_leopard,1566,133,1-0,5,3,0,3,2,1
cannon_leopard,1567,204,0-1,12,4,0,4,1,3
cannon_leopard,1568,193,1/2-1/2,33,11,3,8,6,5
cannon_leopard,1569,119,1-0,24,12,7,5,8,4
cannon_leopard,1570,232,1/2-1/2,3,3,0,3,1,2
cannon_leopard,1571,103,1-0,21,11,6,5,7,4
cannon_leopard,1572,174,0-1,5,3,0,3,1,2
cannon_leopard,1573,139,1-0,8,4,0,4,3,1
cannon_leopard,1574,112,0-1,20,12,8,4,4,8
cannon_leopard,1575,276,0-1,12,4,0,4,1,3
cannon_leopard,1576,421,1/2-1/2,8,6,2,4,3,3
cannon_leopard,1577,78,1/2-1/2,72,20,7,13,12,8
cannon_leopard,1578,142,0-1,20,8,3,5,1,7
cannon_leopard,1579,314,0-1,5,3,0,3,1,2
cannon_leopard,1580,181,1-0,20,6,2,4,4,2
cannon_leopard,1581,242,0-1,19,9,5,4,4,5
cannon_leopard,1582,144,1/2-1/2,16,10,6,4,5,5
cannon_leopard,1583,167,1/2-1/2,62,22,10,12,11,11
cannon_leopard,1584,123,1-0,15,11,7,4,7,4
cannon_leopard,1585,213,1-0,13,5,1,4,4,1
cannon_leopard,1586,164,0-1,21,7,3,4,1,6
cannon_leopard,1587,209,1-0,23,7,2,5,5,2
cannon_leopard,1588,211,1-0,13,5,1,4,4,1
cannon_leopard,1589,133,1/2-1/2,2,4,2,2,2,2
cannon_leopard,1590,170,0-1,18,4,0,4,1,3
cannon_leopard,1591,188,1/2-1/2,3,3,0,3,2,1
cannon_leopard,1592,174,0-1,20,6,2,4,1,5
cannon_leopard,1593,142,0-1,28,8,3,5,4,4
cannon_leopard,1594,242,0-1,13,5,1,4,2,3
cannon_leopard,1595,245,1/2-1/2,3,3,0,3,2,1
cannon_leopard,1596,122,0-1,22,10,5,5,2,8
cannon_leopard,1597,299,1-0,18,4,0,4,3,1
cannon_leopard,1598,160,1/2-1/2,24,12,8,4,6,6
cannon_leopard,1599,165,1-0,19,5,1,4,3,2
cannon_leopard,1600,159,1/2-1/2,3,3,0,3,2,1
cannon_leopard,1601,163,1-0,24,6,1,5,4,2
cannon_leopard,1602,471,1/2-1/2,8,6,2,4,3,3
cannon_leopard,1603,172,0-1,19,5,0,5,2,3
cannon_leopard,1604,163,1-0,20,6,2,4,3,3
cannon_leopard,1605,157,1-0,6,8,6,2,4,4
cannon_leopard,1606,131,1/2-1/2,4,6,4,2,3,3
cannon_leopard,1607,291,1-0,7,9,7,2,6,3
cannon_leopard,1608,171,1-0,11,5,2,3,4,1
cannon_leopard,1609,227,1-0,19,5,1,4,4,1
cannon_leopard,1610,205,1-0,14,4,0,4,3,1
cannon_leopard,1611,176,0-1,20,6,2,4,2,4
cannon_leopard,1612,162,0-1,21,9,4,5,2,7
cannon_leopard,1613,173,1-0,20,6,2,4,4,2
cannon_leopard,1614,239,1-0,9,3,0,3,2,1
cannon_leopard,1615,151,1-0,22,6,1,5,5,1
cannon_leopard,1616,85,1-0,26,14,9,5,8,6
cannon_leopard,1617,362,1/2-1/2,9,5,1,4,2,3
cannon_leopard,1618,113,1/2-1/2,13,9,5,4,3,6
cannon_leopard,1619,168,0-1,21,7,2,5,2,5
cannon_leopard,1620,122,0-1,18,6,2,4,2,4
cannon_leopard,1621,154,0-1,23,9,5,4,3,6
cannon_leopard,1622,175,1-0,11,11,8,3,6,5
cannon_leopard,1623,206,1/2-1/2,11,5,1,4,3,2
cannon_leopard,1624,256,1/2-1/2,5,3,0,3,1,2
cannon_leopard,1625,188,0-1,23,7,2,5,2,5
cannon_leopard,1626,333,1/2-1/2,7,5,1,4,3,2
cannon_leopard,1627,190,1/2-1/2,11,5,1,4,2,3
cannon_leopard,1628,150,1/2-1/2,26,12,8,4,6,6
cannon_leopard,1629,121,1/2-1/2,13,11,7,4,6,5
cannon_leopard,1630,126,0-1,16,6,2,4,2,4
cannon_leopard,1631,176,0-1,24,8,3,5,4,4
cannon_leopard,1632,196,0-1,23,5,0,5,1,4
cannon_leopard,1633,221,1-0,10,8,5,3,5,3
cannon_leopard,1634,245,1-0,3,3,0,3,2,1
cannon_leopard,1635,170,0-1,15,5,1,4,1,4
cannon_leopard,1636,235,1-0,18,4,0,4,3,1
cannon_leopard,1637,135,1-0,17,7,3,4,5,2
cannon_leopard,1638,170,0-1,20,6,2,4,1,5
cannon_leopard,1639,93,1-0,26,14,9,5,7,7
cannon_leopard,1640,151,1-0,17,7,3,4,4,3
cannon_leopard,1641,169,1-0,17,5,0,5,4,1
cannon_leopard,1642,190,1/2-1/2,15,7,2,5,3,4
cannon_leopard,1643,202,0-1,17,5,0,5,1,4
cannon_leopard,1644,123,1-0,30,12,6,6,7,5
cannon_leopard,1645,148,0-1,32,12,7,5,5,7
cannon_leopard,1646,133,1-0,14,8,5,3,6,2
cannon_leopard,1647,183,1/2-1/2,0,2,0,2,1,1
cannon_leopard,1648,166,0-1,18,6,2,4,3,3
cannon_leopard,1649,142,0-1,31,11,5,6,5,6
cannon_leopard,1650,190,0-1,13,7,3,4,1,6
cannon_leopard,1651,181,1/2-1/2,0,2,0,2,1,1
cannon_leopard,1652,108,0-1,21,13,9,4,6,7
cannon_leopard,1653,155,1-0,30,10,4,6,7,3
cannon_leopard,1654,257,1-0,5,3,0,3,2,1
cannon_leopard,1655,125,1/2-1/2,0,2,0,2,1,1
cannon_leopard,1656,126,0-1,18,6,2,4,3,3
cannon_leopard,1657,170,0-1,15,5,1,4,2,3
cannon_leopard,1658,121,1/2-1/2,32,14,8,6,7,7
cannon_leopard,1659,117,1/2-1/2,36,14,8,6,7,7
cannon_leopard,1660,253,1-0,5,3,0,3,2,1
cannon_leopard,1661,212,1/2-1/2,1,3,1,2,1,2
cannon_leopard,1662,163,1-0,16,6,2,4,3,3
cannon_leopard,1663,149,1-0,11,5,2,3,3,2
cannon_leopard,1664,62,1/2-1/2,51,21,9,12,11,10
cannon_leopard,1665,113,1/2-1/2,12,6,2,4,3,3
cannon_leopard,1666,167,1-0,1,3,1,2,2,1
cannon_leopard,1667,209,1/2-1/2,13,7,3,4,3,4
cannon_leopard,1668,205,1-0,17,7,2,5,6,1
cannon_leopard,1669,254,0-1,10,4,0,4,1,3
cannon_leopard,1670,146,1/2-1/2,34,12,5,7,7,5
cannon_leopard,1671,159,1-0,6,6,3,3,5,1
cannon_leopard,1672,231,1-0,12,8,4,4,6,2
cannon_leopard,1673,117,1-0,4,6,4,2,3,3
cannon_leopard,1674,121,1-0,11,9,5,4,6,3
cannon_leopard,1675,150,0-1,17,7,3,4,2,5
cannon_leopard,1676,206,0-1,24,10,5,5,3,7
cannon_leopard,1677,112,0-1,20,12,7,5,4,8
cannon_leopard,1678,196,0-1,5,3,0,3,1,2
cannon_leopard,1679,187,1-0,22,12,8,4,8,4
cannon_leopard,1680,334,1/2-1/2,14,4,0,4,2,2
cannon_leopard,1681,160,0-1,30,10,5,5,5,5
cannon_leopard,1682,115,1/2-1/2,28,10,4,6,4,6
cannon_leopard,1683,149,1-0,17,11,8,3,6,5
cannon_leopard,1684,156,0-1,19,9,5,4,3,6
cannon_leopard,1685,105,1-0,20,12,8,4,8,4
cannon_leopard,1686,125,1/2-1/2,15,9,5,4,5,4
cannon_leopard,1687,170,0-1,16,6,1,5,1,5
cannon_leopard,1688,156,0-1,29,9,4,5,3,6
cannon_leopard,1689,231,1/2-1/2,10,4,0,4,2,2
cannon_leopard,1690,210,0-1,15,5,1,4,1,4
cannon_leopard,1691,159,1/2-1/2,32,16,9,7,6,10
cannon_leopard,1692,178,0-1,10,4,1,3,1,3
cannon_leopard,1693,107,1/2-1/2,60,20,8,12,10,10
cannon_leopard,1694,279,1-0,18,4,0,4,3,1
cannon_leopard,1695,175,1-0,9,7,4,3,5,2
cannon_leopard,1696,199,1-0,23,13,8,5,7,6
cannon_leopard,1697,186,1/2-1/2,19,13,9,4,7,6
cannon_leopard,1698,131,1-0,8,10,8,2,5,5
cannon_leopard,1699,213,1-0,14,4,0,4,3,1
cannon_leopard,1700,177,1/2-1/2,3,3,0,3,2,1
cannon_leopard,1701,49,1-0,77,23,9,14,11,12
cannon_leopard,1702,222,0-1,27,11,6,5,4,7
cannon_leopard,1703,274,1/2-1/2,8,4,0,4,2,2
cannon_leopard,1704,141,1-0,11,5,2,3,3,2
cannon_leopard,1705,91,1/2-1/2,48,14,5,9,7,7
cannon_leopard,1706,194,1/2-1/2,20,12,7,5,6,6
cannon_leopard,1707,118,0-1,24,10,5,5,5,5
cannon_leopard,1708,162,0-1,25,11,6,5,3,8
cannon_leopard,1709,178,0-1,22,8,3,5,3,5
cannon_leopard,1710,149,1-0,2,4,2,2,2,2
cannon_leopard,1711,102,1/2-1/2,41,17,9,8,9,8
cannon_leopard,1712,203,1-0,12,6,2,4,5,1
cannon_leopard,1713,89,1-0,22,12,8,4,6,6
cannon_leopard,1714,192,0-1,10,8,5,3,3,5
cannon_leopard,1715,179,1-0,2,4,2,2,2,2
cannon_leopard,1716,187,1/2-1/2,7,7,4,3,4,3
cannon_leopard,1717,139,1/2-1/2,0,2,0,2,1,1
cannon_leopard,1718,97,1/2-1/2,44,18,11,7,8,10
cannon_leopard,1719,128,1/2-1/2,19,9,3,6,4,5
cannon_leopard,1720,249,1/2-1/2,19,5,1,4,3,2
cannon_leopard,1721,138,0-1,19,5,1,4,1,4
cannon_leopard,1722,113,1-0,9,7,4,3,5,2
cannon_leopard,1723,118,1/2-1/2,13,7,3,4,4,3
cannon_leopard,1724,162,0-1,7,5,2,3,1,4
cannon_leopard,1725,137,1-0,20,6,2,4,4,2
cannon_leopard,1726,183,1-0,5,3,0,3,2,1
cannon_leopard,1727,123,1-0,5,7,5,2,4,3
cannon_leopard,1728,115,1-0,15,9,6,3,6,3
cannon_leopard,1729,152,1/2-1/2,44,14,7,7,8,6
cannon_leopard,1730,279,1/2-1/2,13,7,3,4,3,4
cannon_leopard,1731,193,1-0,5,5,2,3,3,2
cannon_leopard,1732,137,1-0,12,6,3,3,5,1
cannon_leopard,1733,202,0-1,21,7,2,5,2,5
cannon_leopard,1734,243,1/2-1/2,25,11,7,4,6,5
cannon_leopard,1735,205,1/2-1/2,27,7,2,5,3,4
cannon_leopard,1736,231,1/2-1/2,8,4,0,4,2,2
cannon_leopard,1737,255,1-0,5,3,0,3,2,1
cannon_leopard,1738,278,0-1,19,5,0,5,2,3
cannon_leopard,1739,233,1-0,15,7,3,4,5,2
cannon_leopard,1740,251,1/2-1/2,13,7,3,4,3,4
cannon_leopard,1741,161,1-0,19,9,5,4,7,2
cannon_leopard,1742,156,0-1,9,5,1,4,2,3
cannon_leopard,1743,166,1/2-1/2,17,5,0,5,3,2
cannon_leopard,1744,208,0-1,20,6,0,6,1,5
cannon_leopard,1745,94,0-1,21,11,5,6,3,8
cannon_leopard,1746,207,1-0,11,5,2,3,4,1
cannon_leopard,1747,179,1-0,6,6,3,3,4,2
cannon_leopard,1748,166,1/2-1/2,4,6,4,2,3,3
cannon_leopard,1749,364,1/2-1/2,23,11,6,5,5,6
cannon_leopard,1750,140,0-1,26,12,6,6,4,8
cannon_leopard,1751,140,1/2-1/2,33,13,6,7,5,8
cannon_leopard,1752,243,1-0,13,5,1,4,4,1
cannon_leopard,1753,170,0-1,8,4,0,4,1,3
cannon_leopard,1754,157,1/2-1/2,38,16,8,8,9,7
cannon_leopard,1755,202,0-1,20,6,2,4,2,4
cannon_leopard,1756,272,1/2-1/2,11,5,1,4,3,2
cannon_leopard,1757,309,1-0,10,6,2,4,5,1
cannon_leopard,1758,101,1/2-1/2,27,15,10,5,8,7
cannon_leopard,1759,138,0-1,19,11,7,4,4,7
cannon_leopard,1760,159,1-0,5,7,5,2,5,2
cannon_leopard,1761,158,0-1,18,8,3,5,1,7
cannon_leopard,1762,138,1/2-1/2,10,4,0,4,2,2
cannon_leopard,1763,131,1-0,22,10,5,5,6,4
cannon_leopard,1764,184,0-1,18,4,0,4,1,3
cannon_leopard,1765,194,0-1,5,3,0,3,1,2
cannon_leopard,1766,147,1-0,0,2,0,2,1,1
cannon_leopard,1767,45,1/2-1/2,82,26,12,14,13,13
cannon_leopard,1768,140,1/2-1/2,41,13,5,8,6,7
cannon_leopard,1769,143,1-0,3,5,3,2,3,2
cannon_leopard,1770,109,1/2-1/2,28,14,9,5,7,7
cannon_leopard,1771,43,1/2-1/2,65,23,10,13,11,12
cannon_leopard,1772,234,0-1,15,5,1,4,1,4
cannon_leopard,1773,300,1/2-1/2,10,4,0,4,2,2
cannon_leopard,1774,250,0-1,21,5,0,5,1,4
cannon_leopard,1775,133,1-0,10,8,5,3,4,4
cannon_leopard,1776,233,1-0,10,4,1,3,3,1
cannon_leopard,1777,136,1/2-1/2,2,4,2,2,2,2
cannon_leopard,1778,256,1/2-1/2,29,11,5,6,6,5
cannon_leopard,1779,202,0-1,12,4,0,4,1,3
cannon_leopard,1780,180,1/2-1/2,30,12,7,5,5,7
cannon_leopard,1781,175,1-0,14,4,0,4,3,1
cannon_leopard,1782,289,1-0,20,6,2,4,5,1
cannon_leopard,1783,160,0-1,11,5,2,3,1,4
cannon_leopard,1784,310,1/2-1/2,21,5,0,5,3,2
cannon_leopard,1785,238,0-1,29,9,3,6,2,7
cannon_leopard,1786,277,1-0,9,3,0,3,2,1
cannon_leopard,1787,270,1/2-1/2,26,10,5,5,6,4
cannon_leopard,1788,182,0-1,14,6,2,4,1,5
cannon_leopard,1789,198,0-1,23,7,2,5,3,4
cannon_leopard,1790,157,1-0,18,8,4,4,7,1
cannon_leopard,1791,227,1-0,9,3,0,3,2,1
cannon_leopard,1792,104,0-1,31,15,10,5,7,8
cannon_leopard,1793,169,1-0,19,5,1,4,3,2
cannon_leopard,1794,146,0-1,18,10,6,4,5,5
cannon_leopard,1795,307,1-0,8,6,3,3,3,3
cannon_leopard,1796,167,1-0,19,5,1,4,4,1
cannon_leopard,1797,224,0-1,16,10,5,5,5,5
cannon_leopard,1798,162,0-1,23,7,2,5,2,5
cannon_leopard,1799,262,0-1,17,7,3,4,2,5
cannon_leopard,1800,104,0-1,23,9,4,5,3,6
cannon_leopard,1801,177,1-0,15,9,6,3,6,3
cannon_leopard,1802,155,1-0,21,9,4,5,5,4
cannon_leopard,1803,183,1-0,22,8,4,4,6,2
cannon_leopard,1804,138,0-1,17,11,8,3,5,6
cannon_leopard,1805,225,1/2-1/2,26,12,8,4,6,6
cannon_leopard,1806,177,1-0,10,4,1,3,3,1
cannon_leopard,1807,232,0-1,20,6,2,4,1,5
cannon_leopard,1808,171,1/2-1/2,20,12,7,5,6,6
cannon_leopard,1809,218,1/2-1/2,19,13,9,4,7,6
cannon_leopard,1810,106,0-1,51,15,6,9,9,6
cannon_leopard,1811,113,1-0,8,6,2,4,5,1
cannon_leopard,1812,345,1-0,10,4,1,3,3,1
cannon_leopard,1813,141,1-0,21,5,0,5,4,1
cannon_leopard,1814,157,1-0,20,10,6,4,6,4
cannon_leopard,1815,135,1-0,12,6,3,3,4,2
cannon_leopard,1816,210,0-1,22,8,3,5,4,4
cannon_leopard,1817,398,0-1,8,4,0,4,1,3
cannon_leopard,1818,160,0-1,18,4,0,4,1,3
cannon_leopard,1819,277,1/2-1/2,11,5,1,4,2,3
cannon_leopard,1820,192,0-1,31,7,1,6,3,4
cannon_leopard,1821,199,1/2-1/2,1,3,1,2,1,2
cannon_leopard,1822,198,0-1,12,6,2,4,2,4
cannon_leopard,1823,160,0-1,12,4,0,4,1,3
cannon_leopard,1824,494,0-1,12,6,3,3,1,5
cannon_leopard,1825,170,0-1,10,4,1,3,1,3
cannon_leopard,1826,235,1-0,1,3,1,2,1,2
cannon_leopard,1827,136,0-1,30,10,5,5,5,5
cannon_leopard,1828,138,0-1,16,10,6,4,3,7
cannon_leopard,1829,154,1/2-1/2,30,12,6,6,6,6
cannon_leopard,1830,218,0-1,22,8,4,4,2,6
cannon_leopard,1831,198,1/2-1/2,0,2,0,2,1,1
cannon_leopard,1832,189,1-0,0,2,0,2,1,1
cannon_leopard,1833,151,1-0,21,5,0,5,4,1
cannon_leopard,1834,165,1-0,18,4,0,4,3,1
cannon_leopard,1835,120,0-1,27,11,6,5,5,6
cannon_leopard,1836,217,1/2-1/2,82,26,11,15,14,12
cannon_leopard,1837,245,1-0,15,7,3,4,5,2
cannon_leopard,1838,265,1-0,6,4,0,4,3,1
cannon_leopard,1839,233,1-0,10,4,1,3,3,1
cannon_leopard,1840,92,1/2-1/2,64,20,9,11,11,9
cannon_leopard,1841,275,1/2-1/2,6,4,0,4,2,2
cannon_leopard,1842,115,1/2-1/2,20,12,7,5,6,6
cannon_leopard,1843,168,0-1,9,3,0,3,1,2
cannon_leopard,1844,167,1-0,20,8,3,5,7,1
cannon_leopard,1845,227,1-0,10,4,1,3,3,1
cannon_leopard,1846,159,1-0,16,6,2,4,5,1
cannon_leopard,1847,242,0-1,5,3,0,3,1,2
cannon_leopard,1848,187,1-0,7,5,2,3,4,1
cannon_leopard,1849,98,1/2-1/2,45,19,9,10,9,10
cannon_leopard,1850,308,0-1,6,4,0,4,1,3
cannon_leopard,1851,441,1/2-1/2,7,5,1,4,2,3
cannon_leopard,1852,234,0-1,16,4,0,4,2,2
cannon_leopard,1853,163,1/2-1/2,3,3,0,3,2,1
cannon_leopard,1854,181,1-0,13,5,1,4,3,2
cannon_leopard,1855,166,0-1,12,8,4,4,2,6
cannon_leopard,1856,175,1-0,21,7,3,4,6,1
cannon_leopard,1857,112,0-1,29,13,7,6,4,9
cannon_leopard,1858,110,1/2-1/2,22,12,6,6,6,6
cannon_leopard,1859,92,1/2-1/2,54,20,10,10,10,10
cannon_leopard,1860,125,1-0,13,9,5,4,5,4
cannon_leopard,1861,468,1/2-1/2,13,5,0,5,2,3
cannon_leopard,1862,186,0-1,16,6,2,4,1,5
cannon_leopard,1863,202,0-1,21,7,3,4,2,5
cannon_leopard,1864,159,1-0,20,6,2,4,4,2
cannon_leopard,1865,149,1-0,17,7,3,4,4,3
cannon_leopard,1866,269,1-0,16,6,2,4,5,1
cannon_leopard,1867,120,0-1,20,10,4,6,2,8
cannon_leopard,1868,339,1-0,15,5,1,4,4,1
cannon_leopard,1869,171,1/2-1/2,4,6,4,2,3,3
cannon_leopard,1870,203,1/2-1/2,1,3,1,2,2,1
cannon_leopard,1871,287,1/2-1/2,25,11,6,5,5,6
cannon_leopard,1872,130,0-1,40,14,7,7,5,9
cannon_leopard,1873,117,1-0,14,6,2,4,4,2
cannon_leopard,1874,336,1/2-1/2,7,5,1,4,2,3
cannon_leopard,1875,92,0-1,44,16,7,9,8,8
cannon_leopard,1876,291,1/2-1/2,20,6,2,4,3,3
cannon_leopard,1877,216,0-1,20,6,2,4,2,4
cannon_leopard,1878,83,1-0,19,11,6,5,9,2
cannon_leopard,1879,171,1-0,21,5,0,5,4,1
cannon_leopard,1880,186,0-1,22,8,4,4,2,6
cannon_leopard,1881,187,1-0,5,5,2,3,3,2
cannon_leopard,1882,138,1/2-1/2,34,16,10,6,8,8
cannon_leopard,1883,126,0-1,21,9,5,4,4,5
cannon_leopard,1884,218,0-1,19,5,1,4,1,4
cannon_leopard,1885,167,1-0,18,8,3,5,6,2
cannon_leopard,1886,220,0-1,19,5,0,5,2,3
cannon_leopard,1887,124,0-1,21,11,7,4,5,6
cannon_leopard,1888,156,0-1,16,8,4,4,2,6
cannon_leopard,1889,154,0-1,15,5,1,4,2,3
cannon_leopard,1890,155,1-0,15,5,1,4,4,1
cannon_leopard,1891,257,1/2-1/2,68,24,14,10,12,12
cannon_leopard,1892,260,0-1,9,3,0,3,1,2
cannon_leopard,1893,217,1/2-1/2,13,5,0,5,3,2
cannon_leopard,1894,134,0-1,18,6,2,4,3,3
cannon_leopard,1895,177,1-0,13,5,1,4,4,1
cannon_leopard,1896,198,0-1,5,3,0,3,1,2
cannon_leopard,1897,185,1-0,17,7,3,4,5,2
cannon_leopard,1898,134,0-1,19,11,7,4,5,6
cannon_leopard,1899,200,0-1,22,8,4,4,2,6
cannon_leopard,1900,144,0-1,22,8,4,4,3,5
cannon_leopard,1901,65,1-0,30,18,12,6,10,8
cannon_leopard,1902,145,1-0,11,5,2,3,4,1
cannon_leopard,1903,226,0-1,13,5,1,4,1,4
cannon_leopard,1904,135,1/2-1/2,0,2,0,2,1,1
cannon_leopard,1905,330,1/2-1/2,22,12,6,6,6,6
cannon_leopard,1906,193,1-0,10,4,1,3,3,1
cannon_leopard,1907,143,1-0,15,5,1,4,4,1
cannon_leopard,1908,272,1/2-1/2,3,3,0,3,1,2
cannon_leopard,1909,247,1-0,15,7,3,4,5,2
cannon_leopard,1910,156,0-1,32,12,5,7,5,7
cannon_leopard,1911,145,1-0,15,5,1,4,4,1
cannon_leopard,1912,132,0-1,26,12,8,4,4,8
cannon_leopard,1913,240,0-1,44,12,4,8,4,8
cannon_leopard,1914,187,1-0,20,6,2,4,5,1
cannon_leopard,1915,151,1/2-1/2,29,13,7,6,7,6
cannon_leopard,1916,185,1-0,12,4,0,4,3,1
cannon_leopard,1917,130,0-1,33,13,6,7,7,6
cannon_leopard,1918,165,1/2-1/2,16,6,0,6,3,3
cannon_leopard,1919,161,1-0,7,5,2,3,3,2
cannon_leopard,1920,180,0-1,5,3,0,3,1,2
cannon_leopard,1921,123,1-0,4,4,1,3,2,2
cannon_leopard,1922,181,1/2-1/2,14,12,8,4,5,7
cannon_leopard,1923,298,1/2-1/2,0,2,0,2,1,1
cannon_leopard,1924,117,1-0,12,8,4,4,6,2
cannon_leopard,1925,309,1/2-1/2,6,4,1,3,3,1
cannon_leopard,1926,125,1/2-1/2,19,13,9,4,6,7
cannon_leopard,1927,114,0-1,25,9,4,5,1,8
cannon_leopard,1928,213,1-0,9,3,0,3,2,1
cannon_leopard,1929,151,1-0,7,5,2,3,4,1
cannon_leopard,1930,245,1-0,6,4,1,3,3,1
cannon_leopard,1931,111,1-0,8,8,5,3,6,2
cannon_leopard,1932,180,1/2-1/2,12,6,2,4,3,3
cannon_leopard,1933,163,1-0,15,7,3,4,5,2
cannon_leopard,1934,222,1/2-1/2,12,6,2,4,3,3
cannon_leopard,1935,156,0-1,20,8,4,4,4,4
cannon_leopard,1936,139,1-0,11,5,2,3,4,1
cannon_leopard,1937,295,1/2-1/2,3,3,0,3,1,2
cannon_leopard,1938,155,1-0,12,6,3,3,5,1
cannon_leopard,1939,141,1/2-1/2,8,10,8,2,5,5
cannon_leopard,1940,89,1-0,10,10,7,3,5,5
cannon_leopard,1941,155,1-0,20,6,2,4,4,2
cannon_leopard,1942,173,1-0,19,5,1,4,3,2
cannon_leopard,1943,99,1-0,10,12,10,2,7,5
cannon_leopard,1944,126,1/2-1/2,25,11,5,6,5,6
cannon_leopard,1945,180,0-1,18,4,0,4,1,3
cannon_leopard,1946,252,0-1,5,3,0,3,1,2
cannon_leopard,1947,169,1-0,11,5,0,5,4,1
cannon_leopard,1948,127,1-0,33,15,8,7,9,6
cannon_leopard,1949,158,0-1,16,6,2,4,1,5
cannon_leopard,1950,150,1/2-1/2,25,11,7,4,5,6
cannon_leopard,1951,250,0-1,19,5,1,4,1,4
cannon_leopard,1952,146,1/2-1/2,12,6,2,4,3,3
cannon_leopard,1953,261,1-0,4,4,1,3,3,1
cannon_leopard,1954,186,0-1,18,8,4,4,3,5
cannon_leopard,1955,165,1-0,25,11,7,4,8,3
cannon_leopard,1956,220,1/2-1/2,22,8,4,4,3,5
cannon_leopard,1957,287,1/2-1/2,7,5,1,4,3,2
cannon_leopard,1958,118,1/2-1/2,28,14,6,8,7,7
cannon_leopard,1959,328,1/2-1/2,0,2,0,2,1,1
cannon_leopard,1960,288,1/2-1/2,12,8,4,4,3,5
cannon_leopard,1961,117,1-0,19,5,1,4,4,1
cannon_leopard,1962,166,0-1,31,11,6,5,4,7
cannon_leopard,1963,201,1-0,11,5,1,4,4,1
cannon_leopard,1964,165,1/2-1/2,3,3,0,3,2,1
cannon_leopard,1965,186,0-1,21,5,0,5,2,3
cannon_leopard,1966,111,1-0,22,12,8,4,7,5
cannon_leopard,1967,109,1/2-1/2,43,17,9,8,8,9
cannon_leopard,1968,192,0-1,22,8,4,4,3,5
cannon_leopard,1969,165,1/2-1/2,11,9,5,4,4,5
cannon_leopard,1970,155,1-0,15,7,3,4,6,1
cannon_leopard,1971,157,1-0,6,4,1,3,3,1
cannon_leopard,1972,434,0-1,19,9,5,4,3,6
cannon_leopard,1973,155,1-0,28,6,1,5,4,2
cannon_leopard,1974,143,1-0,21,7,3,4,5,2
cannon_leopard,1975,148,1/2-1/2,1,3,1,2,2,1
cannon_leopard,1976,205,1-0,9,3,0,3,2,1
cannon_leopard,1977,119,1-0,42,16,8,8,9,7
cannon_leopard,1978,221,1-0,21,5,0,5,4,1
cannon_leopard,1979,235,1/2-1/2,15,5,1,4,2,3
cannon_leopard,1980,246,0-1,8,4,0,4,1,3
cannon_leopard,1981,146,0-1,7,5,2,3,1,4
cannon_leopard,1982,163,1-0,29,15,9,6,9,6
cannon_leopard,1983,174,0-1,15,7,3,4,1,6
cannon_leopard,1984,158,0-1,19,5,1,4,1,4
cannon_leopard,1985,191,1-0,10,4,1,3,3,1
cannon_leopard,1986,222,0-1,33,11,3,8,4,7
cannon_leopard,1987,339,1-0,20,6,2,4,4,2
cannon_leopard,1988,138,0-1,15,11,7,4,2,9
cannon_leopard,1989,234,1/2-1/2,11,5,1,4,2,3
cannon_leopard,1990,126,0-1,24,10,5,5,3,7
cannon_leopard,1991,171,1-0,29,11,6,5,8,3
cannon_leopard,1992,249,1-0,19,5,1,4,4,1
cannon_leopard,1993,307,1-0,9,3,0,3,2,1
cannon_leopard,1994,246,0-1,12,6,3,3,1,5
cannon_leopard,1995,131,1-0,17,7,2,5,4,3
cannon_leopard,1996,125,1-0,9,7,4,3,4,3
cannon_leopard,1997,109,1/2-1/2,18,8,2,6,4,4
cannon_leopard,1998,142,0-1,13,9,5,4,3,6
cannon_leopard,1999,243,1-0,21,5,0,5,4,1
cannon_leopard,2000,119,1-0,26,8,3,5,6,2
cannon_leopard,2001,156,0-1,16,6,2,4,2,4
cannon_leopard,2002,140,0-1,24,8,2,6,3,5
cannon_leopard,2003,340,0-1,27,5,0,5,1,4
cannon_leopard,2004,158,0-1,22,8,3,5,4,4
cannon_leopard,2005,143,1-0,10,4,1,3,3,1
cannon_leopard,2006,173,1-0,20,6,2,4,5,1
cannon_leopard,2007,104,0-1,46,16,7,9,7,9
cannon_leopard,2008,146,0-1,16,6,2,4,1,5
cannon_leopard,2009,133,1/2-1/2,11,9,6,3,5,4
cannon_leopard,2010,193,1-0,18,4,0,4,3,1
cannon_leopard,2011,168,0-1,20,6,2,4,1,5
cannon_leopard,2012,270,0-1,15,5,1,4,1,4
cannon_leopard,2013,266,0-1,16,6,2,4,1,5
cannon_leopard,2014,215,1-0,2,4,2,2,2,2
cannon_leopard,2015,194,0-1,22,6,1,5,1,5
cannon_leopard,2016,154,1/2-1/2,29,11,5,6,5,6
cannon_leopard,2017,246,0-1,9,3,0,3,1,2
cannon_leopard,2018,162,0-1,10,4,1,3,1,3
cannon_leopard,2019,203,1-0,23,9,5,4,6,3
cannon_leopard,2020,121,1-0,9,7,4,3,4,3
cannon_leopard,2021,114,0-1,17,11,8,3,4,7
cannon_leopard,2022,159,1-0,9,7,4,3,6,1
cannon_leopard,2023,260,1/2-1/2,21,7,2,5,4,3
cannon_leopard,2024,195,1-0,20,6,2,4,5,1
cannon_leopard,2025,151,1-0,15,5,1,4,4,1
cannon_leopard,2026,195,1-0,10,4,1,3,3,1
cannon_leopard,2027,134,0-1,31,9,3,6,3,6
cannon_leopard,2028,127,1-0,8,8,5,3,5,3
cannon_leopard,2029,241,1-0,6,4,1,3,2,2
cannon_leopard,2030,318,1/2-1/2,31,13,7,6,7,6
cannon_leopard,2031,127,1/2-1/2,16,8,2,6,5,3
cannon_leopard,2032,178,0-1,20,6,2,4,2,4
cannon_leopard,2033,170,0-1,27,9,3,6,4,5
cannon_leopard,2034,161,1-0,20,6,2,4,4,2
cannon_leopard,2035,254,0-1,8,4,0,4,1,3
cannon_leopard,2036,176,0-1,5,3,0,3,1,2
cannon_leopard,2037,169,1-0,1,3,1,2,2,1
cannon_leopard,2038,187,1/2-1/2,13,7,3,4,3,4
cannon_leopard,2039,153,1-0,22,8,4,4,5,3
cannon_leopard,2040,151,1-0,9,3,0,3,2,1
cannon_leopard,2041,171,1-0,28,8,2,6,6,2
cannon_leopard,2042,246,0-1,28,12,7,5,3,9
cannon_leopard,2043,178,1/2-1/2,0,2,0,2,1,1
cannon_leopard,2044,79,1/2-1/2,38,16,8,8,8,8
cannon_leopard,2045,139,1-0,19,5,1,4,4,1
cannon_leopard,2046,189,1-0,9,5,1,4,4,1
cannon_leopard,2047,131,1/2-1/2,19,11,6,5,5,6
cannon_leopard,2048,150,0-1,20,8,3,5,2,6
cannon_leopard,2049,159,1-0,6,6,3,3,4,2
cannon_leopard,2050,193,1-0,14,4,0,4,3,1
cannon_leopard,2051,167,1-0,11,5,2,3,4,1
cannon_leopard,2052,160,0-1,13,5,1,4,1,4
cannon_leopard,2053,139,1-0,4,6,4,2,3,3
cannon_leopard,2054,166,0-1,21,7,3,4,1,6
cannon_leopard,2055,145,1-0,17,7,3,4,5,2
cannon_leopard,2056,224,1/2-1/2,17,9,3,6,4,5
cannon_leopard,2057,143,1-0,11,5,2,3,4,1
cannon_leopard,2058,247,1/2-1/2,3,3,0,3,2,1
cannon_leopard,2059,188,0-1,27,13,8,5,5,8
cannon_leopard,2060,107,1-0,20,10,6,4,6,4
cannon_leopard,2061,263,1-0,9,3,0,3,2,1
cannon_leopard,2062,281,1-0,17,11,7,4,7,4
cannon_leopard,2063,188,0-1,16,4,0,4,2,2
cannon_leopard,2064,162,1/2-1/2,31,13,6,7,7,6
cannon_leopard,2065,191,1-0,18,4,0,4,3,1
cannon_leopard,2066,278,1/2-1/2,52,20,10,10,10,10
cannon_leopard,2067,284,1/2-1/2,3,3,0,3,2,1
cannon_leopard,2068,120,0-1,23,9,4,5,4,5
cannon_leopard,2069,225,1-0,21,7,3,4,5,2
cannon_leopard,2070,182,0-1,14,6,2,4,3,3
cannon_leopard,2071,121,1/2-1/2,13,7,3,4,3,4
cannon_leopard,2072,188,0-1,20,6,2,4,1,5
cannon_leopard,2073,147,1-0,19,9,5,4,6,3
cannon_leopard,2074,170,0-1,25,11,6,5,5,6
cannon_leopard,2075,209,1-0,21,7,1,6,5,2
cannon_leopard,2076,235,1/2-1/2,11,5,1,4,3,2
cannon_leopard,2077,161,1-0,18,8,4,4,5,3
cannon_leopard,2078,169,1-0,11,7,3,4,6,1
cannon_leopard,2079,147,1/2-1/2,35,13,7,6,6,7
cannon_leopard,2080,185,1-0,14,6,2,4,4,2
cannon_leopard,2081,141,1/2-1/2,26,10,4,6,5,5
cannon_leopard,2082,220,0-1,21,9,5,4,5,4
cannon_leopard,2083,180,0-1,18,4,0,4,1,3
cannon_leopard,2084,137,1/2-1/2,42,14,6,8,7,7
cannon_leopard,2085,208,0-1,11,7,3,4,1,6
cannon_leopard,2086,156,0-1,24,8,3,5,2,6
cannon_leopard,2087,194,0-1,8,4,0,4,1,3
cannon_leopard,2088,198,0-1,20,8,3,5,2,6
cannon_leopard,2089,139,1/2-1/2,54,18,10,8,9,9
cannon_leopard,2090,268,0-1,19,7,3,4,4,3
cannon_leopard,2091,193,1/2-1/2,49,17,10,7,10,7
cannon_leopard,2092,123,1-0,10,10,7,3,6,4
cannon_leopard,2093,169,1-0,11,5,2,3,4,1
cannon_leopard,2094,148,0-1,19,7,2,5,2,5
cannon_leopard,2095,222,0-1,14,6,2,4,1,5
cannon_leopard,2096,107,1-0,20,6,2,4,4,2
cannon_leopard,2097,178,0-1,21,7,2,5,1,6
cannon_leopard,2098,143,1-0,23,11,6,5,7,4
cannon_leopard,2099,116,1/2-1/2,28,12,7,5,7,5
cannon_leopard,2100,183,1-0,16,6,1,5,4,2
cannon_leopard,2101,140,1/2-1/2,12,6,2,4,3,3
cannon_leopard,2102,228,0-1,5,3,0,3,1,2
cannon_leopard,2103,161,1-0,17,5,0,5,3,2
cannon_leopard,2104,133,1-0,9,9,6,3,6,3
cannon_leopard,2105,672,1/2-1/2,9,5,1,4,2,3
cannon_leopard,2106,184,0-1,14,6,2,4,2,4
cannon_leopard,2107,175,1/2-1/2,20,6,2,4,3,3
cannon_leopard,2108,102,1/2-1/2,48,18,10,8,10,8
cannon_leopard,2109,126,0-1,34,12,4,8,6,6
cannon_leopard,2110,108,1/2-1/2,23,9,5,4,5,4
cannon_leopard,2111,124,0-1,30,12,6,6,5,7
cannon_leopard,2112,324,0-1,17,7,3,4,2,5
cannon_leopard,2113,211,1-0,28,10,4,6,7,3
cannon_leopard,2114,224,1/2-1/2,6,4,0,4,2,2
cannon_leopard,2115,110,1/2-1/2,27,11,6,5,6,5
cannon_leopard,2116,116,0-1,16,10,7,3,4,6
cannon_leopard,2117,271,1/2-1/2,3,3,0,3,2,1
cannon_leopard,2118,172,0-1,18,4,0,4,1,3
cannon_leopard,2119,380,1/2-1/2,8,6,2,4,3,3
cannon_leopard,2120,168,0-1,20,6,1,5,1,5
cannon_leopard,2121,176,0-1,16,6,2,4,1,5
cannon_leopard,2122,177,1-0,18,4,0,4,3,1
cannon_leopard,2123,150,0-1,20,10,5,5,3,7
cannon_leopard,2124,428,1/2-1/2,63,23,13,10,11,12
cannon_leopard,2125,219,1-0,10,10,7,3,5,5
cannon_leopard,2126,132,1/2-1/2,3,3,0,3,1,2
cannon_leopard,2127,159,1-0,21,7,3,4,6,1
cannon_leopard,2128,191,1-0,11,5,1,4,4,1
cannon_leopard,2129,152,0-1,31,11,6,5,5,6
cannon_leopard,2130,141,1-0,10,8,5,3,6,2
cannon_leopard,2131,130,0-1,25,9,4,5,3,6
cannon_leopard,2132,102,1/2-1/2,19,11,6,5,6,5
cannon_leopard,2133,258,0-1,10,4,1,3,1,3
cannon_leopard,2134,121,1-0,15,11,7,4,8,3
cannon_leopard,2135,131,1-0,23,9,5,4,6,3
cannon_leopard,2136,245,1-0,6,6,3,3,3,3
cannon_leopard,2137,128,0-1,25,11,6,5,3,8
cannon_leopard,2138,181,1-0,27,13,7,6,6,7
cannon_leopard,2139,595,1-0,5,3,0,3,2,1
cannon_leopard,2140,175,1/2-1/2,13,7,4,3,5,2
cannon_leopard,2141,130,0-1,22,8,3,5,2,6
cannon_leopard,2142,137,1-0,25,11,5,6,9,2
cannon_leopard,2143,178,0-1,18,6,1,5,1,5
cannon_leopard,2144,127,1-0,12,10,7,3,6,4
cannon_leopard,2145,110,0-1,20,8,4,4,4,4
cannon_leopard,2146,156,0-1,19,7,2,5,1,6
cannon_leopard,2147,288,1/2-1/2,12,6,2,4,4,2
cannon_leopard,2148,270,0-1,12,4,0,4,1,3
cannon_leopard,2149,162,1/2-1/2,22,8,4,4,4,4
cannon_leopard,2150,168,1/2-1/2,14,8,4,4,4,4
cannon_leopard,2151,156,0-1,30,8,2,6,3,5
cannon_leopard,2152,187,1-0,19,7,2,5,5,2
cannon_leopard,2153,321,1-0,22,6,1,5,4,2
cannon_leopard,2154,158,0-1,14,4,0,4,1,3
cannon_leopard,2155,129,1-0,13,7,4,3,5,2
cannon_leopard,2156,158,0-1,16,6,2,4,3,3
cannon_leopard,2157,133,1-0,5,7,5,2,3,4
cannon_leopard,2158,198,0-1,25,9,3,6,2,7
cannon_leopard,2159,170,0-1,21,7,3,4,2,5
cannon_leopard,2160,224,1/2-1/2,0,2,0,2,1,1
cannon_leopard,2161,160,0-1,24,6,0,6,2,4
cannon_leopard,2162,138,1/2-1/2,23,11,4,7,5,6
cannon_leopard,2163,194,0-1,9,3,0,3,1,2
cannon_leopard,2164,417,1-0,8,4,0,4,3,1
cannon_leopard,2165,313,1-0,18,4,0,4,3,1
cannon_leopard,2166,216,1/2-1/2,10,4,0,4,2,2
cannon_leopard,2167,209,1/2-1/2,6,4,1,3,2,2
cannon_leopard,2168,165,1/2-1/2,0,2,0,2,1,1
cannon_leopard,2169,197,1-0,14,4,0,4,3,1
cannon_leopard,2170,236,0-1,8,4,0,4,1,3
cannon_leopard,2171,131,1-0,14,8,5,3,6,2
cannon_leopard,2172,208,0-1,12,4,0,4,1,3
cannon_leopard,2173,211,1-0,9,3,0,3,2,1
cannon_leopard,2174,155,1/2-1/2,15,9,5,4,4,5
cannon_leopard,2175,146,1/2-1/2,0,2,0,2,1,1
cannon_leopard,2176,180,1/2-1/2,25,11,7,4,5,6
cannon_leopard,2177,144,0-1,18,8,4,4,2,6
cannon_leopard,2178,479,1/2-1/2,11,9,5,4,5,4
cannon_leopard,2179,138,0-1,28,10,4,6,3,7
cannon_leopard,2180,240,1/2-1/2,8,4,0,4,2,2
cannon_leopard,2181,158,0-1,17,11,7,4,4,7
cannon_leopard,2182,144,0-1,23,7,0,7,2,5
cannon_leopard,2183,119,1/2-1/2,41,17,9,8,9,8
cannon_leopard,2184,118,0-1,26,12,7,5,5,7
cannon_leopard,2185,84,0-1,35,15,8,7,5,10
cannon_leopard,2186,325,1-0,9,3,0,3,2,1
cannon_leopard,2187,109,1-0,16,8,3,5,6,2
cannon_leopard,2188,217,1-0,19,5,0,5,3,2
cannon_leopard,2189,243,1-0,9,3,0,3,2,1
cannon_leopard,2190,232,0-1,23,5,0,5,2,3
cannon_leopard,2191,232,0-1,5,3,0,3,1,2
cannon_leopard,2192,96,1/2-1/2,49,15,5,10,9,6
cannon_leopard,2193,209,1-0,12,6,2,4,5,1
cannon_leopard,2194,156,0-1,21,5,0,5,1,4
cannon_leopard,2195,184,0-1,15,5,1,4,2,3
cannon_leopard,2196,166,0-1,9,3,0,3,1,2
cannon_leopard,2197,171,1-0,18,6,1,5,5,1
cannon_leopard,2198,166,1/2-1/2,7,5,2,3,3,2
cannon_leopard,2199,159,1-0,14,4,0,4,3,1
cannon_leopard,2200,98,0-1,59,19,8,11,10,9
cannon_leopard,2201,299,1-0,6,4,1,3,3,1
cannon_leopard,2202,187,1-0,26,8,2,6,5,3
cannon_leopard,2203,210,0-1,23,9,5,4,3,6
cannon_leopard,2204,158,0-1,22,6,1,5,1,5
cannon_leopard,2205,137,1-0,10,4,1,3,3,1
cannon_leopard,2206,115,1/2-1/2,35,13,6,7,7,6
cannon_leopard,2207,157,1-0,3,3,0,3,2,1
cannon_leopard,2208,201,1-0,10,6,2,4,4,2
cannon_leopard,2209,113,1-0,39,15,7,8,10,5
cannon_leopard,2210,228,0-1,24,6,1,5,1,5
cannon_leopard,2211,160,0-1,13,5,1,4,1,4
cannon_leopard,2212,408,0-1,23,9,5,4,5,4
cannon_leopard,2213,317,1-0,8,4,0,4,3,1
cannon_leopard,2214,141,1/2-1/2,13,11,7,4,6,5
cannon_leopard,2215,124,0-1,37,13,6,7,6,7
cannon_leopard,2216,261,1/2-1/2,26,6,1,5,3,3
cannon_leopard,2217,220,0-1,8,4,0,4,1,3
cannon_leopard,2218,341,1/2-1/2,14,8,4,4,4,4
cannon_leopard,2219,280,0-1,5,3,0,3,1,2
cannon_leopard,2220,288,0-1,8,4,0,4,1,3
cannon_leopard,2221,156,0-1,9,5,1,4,1,4
cannon_leopard,2222,170,0-1,21,7,2,5,3,4
cannon_leopard,2223,145,1-0,7,7,4,3,5,2
cannon_leopard,2224,158,0-1,6,4,1,3,1,3
cannon_leopard,2225,146,0-1,26,8,2,6,3,5
cannon_leopard,2226,151,1-0,26,10,5,5,7,3
cannon_leopard,2227,134,0-1,27,9,3,6,4,5
cannon_leopard,2228,147,1/2-1/2,6,4,1,3,2,2
cannon_leopard,2229,153,1-0,16,6,2,4,4,2
cannon_leopard,2230,207,1/2-1/2,4,6,4,2,3,3
cannon_leopard,2231,173,1-0,5,7,5,2,4,3
cannon_leopard,2232,243,1-0,13,5,1,4,4,1
cannon_leopard,2233,177,1/2-1/2,5,3,0,3,2,1
cannon_leopard,2234,155,1-0,22,8,4,4,5,3
cannon_leopard,2235,165,1/2-1/2,22,8,2,6,4,4
cannon_leopard,2236,200,0-1,21,9,4,5,3,6
cannon_leopard,2237,185,1-0,15,5,1,4,4,1
cannon_leopard,2238,165,1-0,15,5,1,4,3,2
cannon_leopard,2239,184,0-1,9,3,0,3,1,2
cannon_leopard,2240,146,0-1,27,13,8,5,5,8
cannon_leopard,2241,92,0-1,67,23,13,10,12,11
cannon_leopard,2242,249,1-0,9,3,0,3,2,1
cannon_leopard,2243,126,1/2-1/2,3,3,0,3,2,1
cannon_leopard,2244,291,1/2-1/2,6,4,0,4,2,2
cannon_leopard,2245,162,0-1,28,8,2,6,3,5
cannon_leopard,2246,147,1-0,21,7,1,6,6,1
cannon_leopard,2247,229,1-0,4,4,1,3,3,1
cannon_leopard,2248,138,0-1,31,15,10,5,6,9
cannon_leopard,2249,193,1-0,14,4,0,4,3,1
cannon_leopard,2250,146,0-1,18,4,0,4,1,3
cannon_leopard,2251,136,0-1,30,12,6,6,4,8
cannon_leopard,2252,398,0-1,15,5,1,4,1,4
cannon_leopard,2253,205,1-0,26,10,5,5,7,3
cannon_leopard,2254,216,0-1,19,5,1,4,1,4
cannon_leopard,2255,147,1-0,18,6,1,5,5,1
cannon_leopard,2256,192,1/2-1/2,65,21,10,11,11,10
cannon_leopard,2257,158,0-1,13,7,4,3,1,6
cannon_leopard,2258,99,1-0,18,10,5,5,5,5
cannon_leopard,2259,265,1-0,13,5,1,4,4,1
cannon_leopard,2260,214,0-1,16,6,2,4,3,3
cannon_leopard,2261,308,0-1,9,3,0,3,1,2
cannon_leopard,2262,133,1-0,20,6,2,4,4,2
cannon_leopard,2263,234,0-1,18,8,4,4,1,7
cannon_leopard,2264,153,1-0,13,9,5,4,7,2
cannon_leopard,2265,145,1-0,7,5,2,3,4,1
cannon_leopard,2266,143,1-0,16,6,2,4,4,2
cannon_leopard,2267,164,1/2-1/2,26,8,3,5,3,5
cannon_leopard,2268,162,0-1,25,13,9,4,6,7
cannon_leopard,2269,107,1-0,13,5,1,4,3,2
cannon_leopard,2270,129,1-0,8,10,8,2,6,4
cannon_leopard,2271,171,1-0,14,6,2,4,5,1
cannon_leopard,2272,168,0-1,24,8,3,5,3,5
cannon_leopard,2273,194,1/2-1/2,52,16,6,10,9,7
cannon_leopard,2274,155,1/2-1/2,6,8,6,2,4,4
cannon_leopard,2275,239,1/2-1/2,16,6,2,4,2,4
cannon_leopard,2276,168,0-1,17,9,5,4,1,8
cannon_leopard,2277,134,0-1,29,11,5,6,6,5
cannon_leopard,2278,135,1/2-1/2,22,12,8,4,5,7
cannon_leopard,2279,148,0-1,20,8,4,4,3,5
cannon_leopard,2280,264,1/2-1/2,33,13,7,6,7,6
cannon_leopard,2281,205,1-0,5,3,0,3,2,1
cannon_leopard,2282,216,1/2-1/2,16,10,6,4,5,5
cannon_leopard,2283,239,1-0,18,6,1,5,5,1
cannon_leopard,2284,196,0-1,5,3,0,3,1,2
cannon_leopard,2285,112,0-1,17,7,3,4,2,5
cannon_leopard,2286,271,1-0,1,3,1,2,2,1
cannon_leopard,2287,91,1-0,15,11,7,4,7,4
cannon_leopard,2288,155,1/2-1/2,0,2,0,2,1,1
cannon_leopard,2289,181,1/2-1/2,0,2,0,2,1,1
cannon_leopard,2290,140,0-1,28,14,9,5,7,7
cannon_leopard,2291,150,0-1,18,4,0,4,1,3
cannon_leopard,2292,149,1-0,20,6,2,4,4,2
cannon_leopard,2293,177,1-0,23,7,2,5,6,1
cannon_leopard,2294,218,0-1,22,8,3,5,3,5
cannon_leopard,2295,157,1-0,21,9,3,6,6,3
cannon_leopard,2296,170,0-1,26,14,10,4,7,7
cannon_leopard,2297,128,1/2-1/2,13,7,3,4,4,3
cannon_leopard,2298,100,1/2-1/2,51,19,9,10,10,9
cannon_leopard,2299,147,1-0,19,5,1,4,4,1
cannon_leopard,2300,229,1/2-1/2,3,3,0,3,2,1
cannon_leopard,2301,251,1-0,6,4,1,3,3,1
cannon_leopard,2302,169,1-0,7,5,2,3,4,1
cannon_leopard,2303,126,0-1,20,8,3,5,2,6
cannon_leopard,2304,228,0-1,17,5,0,5,1,4
cannon_leopard,2305,120,0-1,19,7,3,4,3,4
cannon_leopard,2306,137,1-0,13,13,10,3,7,6
cannon_leopard,2307,362,1/2-1/2,9,5,1,4,2,3
cannon_leopard,2308,157,1-0,9,5,1,4,3,2
cannon_leopard,2309,213,1-0,17,7,3,4,5,2
cannon_leopard,2310,143,1-0,20,10,5,5,6,4
cannon_leopard,2311,247,1-0,9,3,0,3,2,1
cannon_leopard,2312,130,1/2-1/2,33,11,4,7,5,6
cannon_leopard,2313,195,1-0,9,3,0,3,2,1
cannon_leopard,2314,113,1/2-1/2,45,15,6,9,7,8
cannon_leopard,2315,218,0-1,16,4,0,4,2,2
cannon_leopard,2316,260,0-1,9,3,0,3,1,2
cannon_leopard,2317,199,1-0,14,4,0,4,3,1
cannon_leopard,2318,233,1-0,5,3,0,3,2,1
cannon_leopard,2319,154,0-1,36,8,2,6,2,6
cannon_leopard,2320,190,0-1,10,4,1,3,1,3
cannon_leopard,2321,191,1/2-1/2,3,3,0,3,2,1
cannon_leopard,2322,182,0-1,12,4,0,4,1,3
cannon_leopard,2323,67,1-0,57,23,11,12,12,11
cannon_leopard,2324,162,0-1,9,3,0,3,1,2
cannon_leopard,2325,205,1-0,28,10,4,6,6,4
cannon_leopard,2326,165,1-0,5,5,2,3,4,1
cannon_leopard,2327,197,1-0,19,5,1,4,4,1
cannon_leopard,2328,220,0-1,21,7,3,4,1,6
cannon_leopard,2329,187,1-0,34,12,6,6,8,4
cannon_leopard,2330,114,1/2-1/2,45,13,5,8,7,6
cannon_leopard,2331,163,1-0,7,5,2,3,4,1
cannon_leopard,2332,204,1/2-1/2,10,8,4,4,4,4
cannon_leopard,2333,140,0-1,30,14,9,5,5,9
cannon_leopard,2334,129,1-0,7,9,7,2,4,5
cannon_leopard,2335,98,0-1,31,15,10,5,7,8
cannon_leopard,2336,117,1-0,21,11,6,5,7,4
cannon_leopard,2337,150,0-1,22,6,1,5,1,5
cannon_leopard,2338,137,1-0,5,7,5,2,4,3
cannon_leopard,2339,153,1-0,9,9,6,3,6,3
cannon_leopard,2340,136,1/2-1/2,30,12,6,6,5,7
cannon_leopard,2341,207,1-0,19,7,2,5,6,1
cannon_leopard,2342,155,1-0,23,7,2,5,6,1
cannon_leopard,2343,160,0-1,18,6,1,5,1,5
cannon_leopard,2344,101,1/2-1/2,10,12,10,2,6,6
cannon_leopard,2345,170,0-1,19,5,1,4,1,4
cannon_leopard,2346,142,0-1,33,9,3,6,3,6
cannon_leopard,2347,206,1/2-1/2,26,12,6,6,6,6
cannon_leopard,2348,146,0-1,20,8,3,5,3,5
cannon_leopard,2349,179,1-0,20,6,1,5,5,1
cannon_leopard,2350,144,0-1,18,6,2,4,2,4
cannon_leopard,2351,199,1/2-1/2,20,8,3,5,3,5
cannon_leopard,2352,144,0-1,21,7,2,5,1,6
cannon_leopard,2353,115,1/2-1/2,11,9,6,3,3,6
cannon_leopard,2354,253,1-0,9,3,0,3,2,1
cannon_leopard,2355,141,1/2-1/2,12,10,6,4,5,5
cannon_leopard,2356,141,1-0,7,7,4,3,6,1
cannon_leopard,2357,134,0-1,26,14,8,6,6,8
cannon_leopard,2358,116,1/2-1/2,14,8,4,4,4,4
cannon_leopard,2359,227,1-0,4,4,1,3,3,1
cannon_leopard,2360,454,1/2-1/2,4,4,1,3,2,2
cannon_leopard,2361,145,1-0,19,9,3,6,7,2
cannon_leopard,2362,177,1/2-1/2,3,3,0,3,2,1
cannon_leopard,2363,189,1-0,17,5,0,5,4,1
cannon_leopard,2364,99,1-0,22,14,10,4,9,5
cannon_leopard,2365,163,1-0,0,2,0,2,1,1
cannon_leopard,2366,375,1-0,5,3,0,3,2,1
cannon_leopard,2367,153,1/2-1/2,42,16,8,8,8,8
cannon_leopard,2368,166,0-1,25,9,4,5,3,6
cannon_leopard,2369,155,1-0,18,4,0,4,3,1
cannon_leopard,2370,131,1/2-1/2,8,10,8,2,5,5
cannon_leopard,2371,142,1/2-1/2,25,11,6,5,5,6
cannon_leopard,2372,202,1/2-1/2,23,9,5,4,4,5
cannon_leopard,2373,191,1-0,9,7,3,4,5,2
cannon_leopard,2374,319,1/2-1/2,39,17,10,7,8,9
cannon_leopard,2375,221,1-0,5,3,0,3,2,1
cannon_leopard,2376,139,1-0,21,7,3,4,5,2
cannon_leopard,2377,235,1-0,8,4,0,4,3,1
cannon_leopard,2378,369,1/2-1/2,17,15,11,4,8,7
cannon_leopard,2379,165,1/2-1/2,21,11,5,6,5,6
cannon_leopard,2380,127,1-0,27,11,5,6,8,3
cannon_leopard,2381,149,1-0,17,9,5,4,4,5
cannon_leopard,2382,139,1-0,32,12,6,6,8,4
cannon_leopard,2383,175,1-0,5,3,0,3,2,1
cannon_leopard,2384,203,1-0,23,9,5,4,7,2
cannon_leopard,2385,148,0-1,24,8,2,6,3,5
cannon_leopard,2386,81,1/2-1/2,37,15,8,7,6,9
cannon_leopard,2387,178,0-1,19,5,1,4,1,4
cannon_leopard,2388,135,1-0,30,12,6,6,6,6
cannon_leopard,2389,292,0-1,22,6,1,5,1,5
cannon_leopard,2390,282,0-1,14,4,0,4,1,3
cannon_leopard,2391,192,0-1,15,5,1,4,2,3
cannon_leopard,2392,99,1-0,12,12,9,3,6,6
cannon_leopard,2393,154,0-1,19,5,1,4,1,4
cannon_leopard,2394,246,1/2-1/2,11,5,1,4,2,3
cannon_leopard,2395,161,1-0,16,6,2,4,5,1
cannon_leopard,2396,155,1-0,23,7,2,5,5,2
cannon_leopard,2397,182,0-1,19,5,1,4,1,4
cannon_leopard,2398,203,1/2-1/2,76,26,14,12,13,13
cannon_leopard,2399,179,1-0,19,7,2,5,6,1
cannon_leopard,2400,164,0-1,20,6,2,4,1,5
cannon_leopard,2401,151,1-0,16,6,2,4,5,1
cannon_leopard,2402,147,1/2-1/2,33,13,8,5,6,7
cannon_leopard,2403,274,1/2-1/2,12,6,1,5,3,3
cannon_leopard,2404,175,1-0,11,5,2,3,4,1
cannon_leopard,2405,160,0-1,24,6,0,6,2,4
cannon_leopard,2406,106,1/2-1/2,54,16,7,9,9,7
cannon_leopard,2407,302,1/2-1/2,7,5,1,4,3,2
cannon_leopard,2408,142,0-1,8,4,0,4,1,3
cannon_leopard,2409,186,1/2-1/2,10,4,0,4,2,2
cannon_leopard,2410,131,1-0,10,4,1,3,3,1
cannon_leopard,2411,158,0-1,20,6,2,4,1,5
cannon_leopard,2412,231,1-0,1,3,1,2,2,1
cannon_leopard,2413,144,1/2-1/2,24,14,8,6,7,7
cannon_leopard,2414,172,0-1,8,4,0,4,1,3
cannon_leopard,2415,174,0-1,14,4,0,4,1,3
cannon_leopard,2416,140,0-1,15,11,7,4,6,5
cannon_leopard,2417,132,0-1,31,13,7,6,5,8
cannon_leopard,2418,163,1-0,20,6,0,6,4,2
cannon_leopard,2419,163,1-0,1,3,1,2,2,1
cannon_leopard,2420,201,1/2-1/2,0,2,0,2,1,1
cannon_leopard,2421,145,1-0,14,8,5,3,5,3
cannon_leopard,2422,289,1/2-1/2,10,4,0,4,2,2
cannon_leopard,2423,120,1/2-1/2,27,13,9,4,7,6
cannon_leopard,2424,160,0-1,9,5,1,4,1,4
cannon_leopard,2425,171,1-0,12,4,0,4,3,1
cannon_leopard,2426,174,0-1,15,5,1,4,1,4
cannon_leopard,2427,141,1-0,12,10,7,3,7,3
cannon_leopard,2428,173,1-0,19,5,1,4,3,2
cannon_leopard,2429,157,1-0,15,7,3,4,5,2
cannon_leopard,2430,130,0-1,21,7,3,4,1,6
cannon_leopard,2431,98,0-1,25,13,8,5,5,8
cannon_leopard,2432,247,1/2-1/2,35,13,7,6,7,6
cannon_leopard,2433,170,1/2-1/2,10,8,4,4,4,4
cannon_leopard,2434,149,1-0,19,9,5,4,5,4
cannon_leopard,2435,215,1-0,18,4,0,4,3,1
cannon_leopard,2436,161,1-0,10,4,1,3,3,1
cannon_leopard,2437,205,1-0,9,9,6,3,5,4
cannon_leopard,2438,161,1/2-1/2,3,3,0,3,2,1
cannon_leopard,2439,167,1-0,3,5,3,2,3,2
cannon_leopard,2440,270,0-1,18,4,0,4,1,3
cannon_leopard,2441,163,1-0,9,3,0,3,2,1
cannon_leopard,2442,151,1-0,2,4,2,2,3,1
cannon_leopard,2443,180,1/2-1/2,16,10,6,4,5,5
cannon_leopard,2444,138,0-1,12,6,2,4,2,4
cannon_leopard,2445,145,1-0,1,3,1,2,2,1
cannon_leopard,2446,85,1/2-1/2,29,13,6,7,6,7
cannon_leopard,2447,114,1/2-1/2,35,13,7,6,6,7
cannon_leopard,2448,504,1/2-1/2,19,5,1,4,3,2
cannon_leopard,2449,228,1/2-1/2,12,6,2,4,3,3
cannon_leopard,2450,158,0-1,18,4,0,4,1,3
cannon_leopard,2451,131,1-0,14,6,2,4,3,3
cannon_leopard,2452,213,1-0,23,7,2,5,5,2
cannon_leopard,2453,141,1-0,27,11,6,5,8,3
cannon_leopard,2454,186,0-1,9,3,0,3,1,2
cannon_leopard,2455,203,1/2-1/2,1,3,1,2,1,2
cannon_leopard,2456,197,1-0,20,6,2,4,5,1
cannon_leopard,2457,276,1/2-1/2,17,7,1,6,3,4
cannon_leopard,2458,259,1/2-1/2,3,3,0,3,1,2
cannon_leopard,2459,151,1/2-1/2,21,9,4,5,3,6
cannon_leopard,2460,234,0-1,22,8,3,5,3,5
cannon_leopard,2461,278,1/2-1/2,12,6,2,4,3,3
cannon_leopard,2462,140,0-1,19,5,1,4,1,4
cannon_leopard,2463,184,0-1,15,5,0,5,2,3
cannon_leopard,2464,155,1-0,16,6,2,4,5,1
cannon_leopard,2465,162,0-1,14,10,5,5,2,8
cannon_leopard,2466,117,1/2-1/2,25,11,7,4,6,5
cannon_leopard,2467,159,1/2-1/2,0,2,0,2,1,1
cannon_leopard,2468,86,1/2-1/2,36,12,5,7,6,6
cannon_leopard,2469,109,1-0,24,10,6,4,5,5
cannon_leopard,2470,172,0-1,19,7,2,5,1,6
cannon_leopard,2471,114,0-1,31,11,4,7,5,6
cannon_leopard,2472,246,0-1,9,3,0,3,1,2
cannon_leopard,2473,130,0-1,19,9,5,4,5,4
cannon_leopard,2474,132,0-1,21,11,6,5,4,7
cannon_leopard,2475,271,1/2-1/2,84,28,14,14,14,14
cannon_leopard,2476,154,0-1,18,8,3,5,1,7
cannon_leopard,2477,190,0-1,17,5,0,5,1,4
cannon_leopard,2478,216,0-1,18,4,0,4,1,3
cannon_leopard,2479,140,1/2-1/2,28,10,4,6,5,5
cannon_leopard,2480,174,0-1,12,8,4,4,1,7
cannon_leopard,2481,135,1-0,7,5,2,3,4,1
cannon_leopard,2482,260,0-1,18,6,2,4,3,3
cannon_leopard,2483,89,1/2-1/2,37,15,8,7,7,8
cannon_leopard,2484,137,1-0,10,4,1,3,3,1
cannon_leopard,2485,142,0-1,43,15,7,8,8,7
cannon_leopard,2486,249,1/2-1/2,19,13,9,4,6,7
cannon_leopard,2487,138,0-1,18,4,0,4,1,3
cannon_leopard,2488,181,1-0,14,4,0,4,3,1
cannon_leopard,2489,149,1/2-1/2,11,5,1,4,3,2
cannon_leopard,2490,155,1-0,12,10,6,4,6,4
cannon_leopard,2491,325,1/2-1/2,8,6,2,4,3,3
cannon_leopard,2492,295,1/2-1/2,10,6,2,4,2,4
cannon_leopard,2493,155,1-0,7,9,7,2,5,4
cannon_leopard,2494,157,1-0,13,7,4,3,5,2
cannon_leopard,2495,169,1-0,16,6,2,4,5,1
cannon_leopard,2496,121,1-0,35,17,10,7,10,7
cannon_leopard,2497,186,0-1,18,10,6,4,3,7
cannon_leopard,2498,158,1/2-1/2,27,11,5,6,6,5
cannon_leopard,2499,230,0-1,24,6,0,6,2,4
cannon_leopard,2500,182,0-1,19,11,7,4,3,8
cannon_leopard,2501,176,0-1,15,5,1,4,1,4
cannon_leopard,2502,179,1-0,8,4,0,4,3,1
cannon_leopard,2503,158,0-1,5,3,0,3,1,2
cannon_leopard,2504,180,0-1,22,10,6,4,3,7
cannon_leopard,2505,227,1-0,13,5,1,4,4,1
cannon_leopard,2506,188,0-1,16,8,4,4,3,5
cannon_leopard,2507,302,1/2-1/2,23,13,7,6,7,6
cannon_leopard,2508,245,1-0,21,5,0,5,4,1
cannon_leopard,2509,93,1/2-1/2,8,10,8,2,5,5
cannon_leopard,2510,124,1/2-1/2,10,8,4,4,4,4
cannon_leopard,2511,142,0-1,24,8,2,6,3,5
cannon_leopard,2512,124,1/2-1/2,34,16,10,6,8,8
cannon_leopard,2513,150,0-1,19,5,1,4,2,3
cannon_leopard,2514,146,0-1,22,10,6,4,5,5
cannon_leopard,2515,225,1/2-1/2,0,2,0,2,1,1
cannon_leopard,2516,90,1/2-1/2,24,14,8,6,7,7
cannon_leopard,2517,146,0-1,17,7,3,4,1,6
cannon_leopard,2518,108,0-1,30,12,6,6,4,8
cannon_leopard,2519,134,0-1,23,11,7,4,5,6
cannon_leopard,2520,203,1-0,20,6,2,4,5,1
cannon_leopard,2521,174,0-1,19,5,1,4,1,4
cannon_leopard,2522,117,1-0,16,6,2,4,5,1
cannon_leopard,2523,144,0-1,14,8,3,5,2,6
cannon_leopard,2524,188,0-1,23,7,2,5,1,6
cannon_leopard,2525,194,0-1,9,3,0,3,1,2
cannon_leopard,2526,139,1-0,4,6,4,2,4,2
cannon_leopard,2527,230,1/2-1/2,56,16,7,9,8,8
cannon_leopard,2528,130,1/2-1/2,23,13,7,6,7,6
cannon_leopard,2529,181,1/2-1/2,57,25,15,10,12,13
cannon_leopard,2530,204,0-1,20,6,1,5,1,5
cannon_leopard,2531,234,0-1,18,4,0,4,1,3
cannon_leopard,2532,160,0-1,9,3,0,3,1,2
cannon_leopard,2533,201,1-0,19,5,1,4,4,1
cannon_leopard,2534,161,1-0,19,5,1,4,4,1
cannon_leopard,2535,137,1/2-1/2,20,12,7,5,6,6
cannon_leopard,2536,277,1-0,21,7,3,4,5,2
cannon_leopard,2537,453,1-0,22,6,1,5,5,1
cannon_leopard,2538,283,1-0,15,5,1,4,4,1
cannon_leopard,2539,148,0-1,21,7,3,4,3,4
cannon_leopard,2540,108,0-1,17,9,5,4,1,8
cannon_leopard,2541,169,1-0,6,6,3,3,4,2
cannon_leopard,2542,221,1/2-1/2,6,4,1,3,2,2
cannon_leopard,2543,125,1-0,16,8,4,4,4,4
cannon_leopard,2544,285,1-0,14,4,0,4,3,1
cannon_leopard,2545,148,0-1,18,10,6,4,4,6
cannon_leopard,2546,168,0-1,38,10,3,7,3,7
cannon_leopard,2547,156,0-1,23,11,6,5,4,7
cannon_leopard,2548,156,0-1,23,11,6,5,4,7
cannon_leopard,2549,136,0-1,25,13,9,4,6,7
cannon_leopard,2550,215,1-0,13,5,1,4,4,1
cannon_leopard,2551,180,0-1,15,5,1,4,1,4
cannon_leopard,2552,114,1/2-1/2,22,12,6,6,6,6
cannon_leopard,2553,134,0-1,21,7,2,5,2,5
cannon_leopard,2554,162,0-1,34,10,4,6,3,7
cannon_leopard,2555,155,1/2-1/2,12,6,2,4,3,3
cannon_leopard,2556,185,1-0,18,8,4,4,7,1
cannon_leopard,2557,87,1/2-1/2,18,12,7,5,5,7
cannon_leopard,2558,140,1/2-1/2,0,2,0,2,1,1
cannon_leopard,2559,157,1/2-1/2,54,20,12,8,11,9
cannon_leopard,2560,94,0-1,38,14,6,8,6,8
cannon_leopard,2561,110,0-1,23,9,5,4,3,6
cannon_leopard,2562,257,1-0,19,5,1,4,4,1
cannon_leopard,2563,162,0-1,19,7,3,4,3,4
cannon_leopard,2564,192,0-1,19,7,2,5,1,6
cannon_leopard,2565,162,0-1,13,5,1,4,1,4
cannon_leopard,2566,220,1/2-1/2,3,3,0,3,2,1
cannon_leopard,2567,176,0-1,12,4,0,4,1,3
cannon_leopard,2568,96,0-1,30,14,8,6,6,8
cannon_leopard,2569,174,1/2-1/2,0,2,0,2,1,1
cannon_leopard,2570,212,0-1,21,9,5,4,4,5
cannon_leopard,2571,167,1/2-1/2,31,13,7,6,6,7
cannon_leopard,2572,131,1/2-1/2,17,9,4,5,4,5
cannon_leopard,2573,115,1-0,22,14,10,4,9,5
cannon_leopard,2574,247,1-0,9,3,0,3,2,1
cannon_leopard,2575,168,1/2-1/2,21,7,3,4,3,4
cannon_leopard,2576,109,1/2-1/2,35,15,8,7,7,8
cannon_leopard,2577,215,1-0,4,6,4,2,5,1
cannon_leopard,2578,231,1/2-1/2,11,5,1,4,3,2
cannon_leopard,2579,192,0-1,15,5,0,5,1,4
cannon_leopard,2580,194,0-1,14,6,2,4,2,4
cannon_leopard,2581,192,1/2-1/2,3,3,0,3,2,1
cannon_leopard,2582,179,1-0,11,5,2,3,3,2
cannon_leopard,2583,131,1/2-1/2,30,18,11,7,9,9
cannon_leopard,2584,318,0-1,18,4,0,4,1,3
cannon_leopard,2585,198,1/2-1/2,2,4,2,2,2,2
cannon_leopard,2586,196,0-1,9,3,0,3,1,2
cannon_leopard,2587,169,1-0,16,6,2,4,5,1
cannon_leopard,2588,129,1-0,9,9,6,3,5,4
cannon_leopard,2589,105,1-0,26,12,7,5,8,4
cannon_leopard,2590,172,0-1,11,5,2,3,1,4
cannon_leopard,2591,200,0-1,21,7,2,5,2,5
cannon_leopard,2592,172,0-1,22,8,3,5,3,5
cannon_leopard,2593,128,1/2-1/2,14,8,4,4,4,4
cannon_leopard,2594,172,0-1,27,9,4,5,4,5
cannon_leopard,2595,187,1-0,11,5,1,4,4,1
cannon_leopard,2596,152,0-1,18,10,6,4,4,6
cannon_leopard,2597,149,1-0,20,8,3,5,5,3
cannon_leopard,2598,125,1/2-1/2,28,14,8,6,7,7
cannon_leopard,2599,264,1/2-1/2,9,5,0,5,2,3
cannon_leopard,2600,191,1-0,16,8,4,4,6,2
cannon_leopard,2601,165,1-0,16,6,2,4,4,2
cannon_leopard,2602,86,0-1,50,18,10,8,9,9
cannon_leopard,2603,202,0-1,17,5,1,4,2,3
cannon_leopard,2604,271,1-0,9,5,1,4,4,1
cannon_leopard,2605,176,0-1,24,6,0,6,2,4
cannon_leopard,2606,229,1-0,5,3,0,3,2,1
cannon_leopard,2607,89,1/2-1/2,40,16,9,7,9,7
cannon_leopard,2608,256,0-1,19,5,1,4,2,3
cannon_leopard,2609,143,1-0,18,6,1,5,5,1
cannon_leopard,2610,203,1-0,21,5,0,5,4,1
cannon_leopard,2611,162,0-1,9,3,0,3,1,2
cannon_leopard,2612,223,1-0,8,6,3,3,4,2
cannon_leopard,2613,135,1-0,6,4,1,3,3,1
cannon_leopard,2614,92,0-1,27,15,10,5,6,9
cannon_leopard,2615,297,1-0,9,3,0,3,2,1
cannon_leopard,2616,145,1-0,13,5,1,4,4,1
cannon_leopard,2617,208,0-1,16,4,0,4,2,2
cannon_leopard,2618,133,1-0,15,9,6,3,7,2
cannon_leopard,2619,236,0-1,19,11,6,5,4,7
cannon_leopard,2620,284,1/2-1/2,20,10,4,6,5,5
cannon_leopard,2621,174,1/2-1/2,37,15,9,6,8,7
cannon_leopard,2622,168,0-1,9,3,0,3,1,2
cannon_leopard,2623,25,1-0,66,26,14,12,13,13
cannon_leopard,2624,144,0-1,24,10,6,4,4,6
cannon_leopard,2625,92,1/2-1/2,14,12,8,4,6,6
cannon_leopard,2626,93,1/2-1/2,38,16,9,7,7,9
cannon_leopard,2627,164,0-1,22,8,3,5,3,5
cannon_leopard,2628,161,1-0,21,7,3,4,6,1
cannon_leopard,2629,184,0-1,28,12,7,5,6,6
cannon_leopard,2630,103,1-0,7,9,7,2,7,2
cannon_leopard,2631,156,0-1,16,6,2,4,2,4
cannon_leopard,2632,192,1/2-1/2,16,8,3,5,4,4
cannon_leopard,2633,219,1/2-1/2,0,2,0,2,1,1
cannon_leopard,2634,162,0-1,26,10,5,5,4,6
cannon_leopard,2635,161,1-0,14,4,0,4,3,1
cannon_leopard,2636,101,1-0,23,15,11,4,8,7
cannon_leopard,2637,221,1-0,15,9,5,4,5,4
cannon_leopard,2638,165,1/2-1/2,10,12,10,2,6,6
cannon_leopard,2639,179,1/2-1/2,25,7,1,6,4,3
cannon_leopard,2640,155,1/2-1/2,9,7,4,3,3,4
cannon_leopard,2641,174,0-1,18,4,0,4,1,3
cannon_leopard,2642,217,1-0,5,3,0,3,2,1
cannon_leopard,2643,148,0-1,23,7,2,5,1,6
cannon_leopard,2644,140,0-1,22,10,4,6,3,7
cannon_leopard,2645,121,1-0,15,7,3,4,4,3
cannon_leopard,2646,287,1-0,5,3,0,3,2,1
cannon_leopard,2647,157,1-0,19,11,7,4,7,4
cannon_leopard,2648,145,1-0,8,4,0,4,2,2
cannon_leopard,2649,163,1-0,27,9,4,5,6,3
cannon_leopard,2650,159,1-0,5,3,0,3,2,1
cannon_leopard,2651,246,0-1,22,6,1,5,3,3
cannon_leopard,2652,128,0-1,20,10,6,4,4,6
cannon_leopard,2653,157,1/2-1/2,28,10,5,5,4,6
cannon_leopard,2654,142,0-1,19,5,1,4,1,4
cannon_leopard,2655,182,0-1,12,4,0,4,1,3
cannon_leopard,2656,151,1-0,14,4,0,4,3,1
cannon_leopard,2657,216,0-1,18,4,0,4,1,3
cannon_leopard,2658,153,1-0,21,7,3,4,6,1
cannon_leopard,2659,166,0-1,17,5,0,5,1,4
cannon_leopard,2660,167,1-0,16,6,2,4,5,1
cannon_leopard,2661,173,1-0,19,5,1,4,4,1
cannon_leopard,2662,158,0-1,21,5,0,5,1,4
cannon_leopard,2663,179,1-0,6,6,3,3,4,2
cannon_leopard,2664,165,1/2-1/2,28,14,7,7,6,8
cannon_leopard,2665,174,0-1,19,7,2,5,1,6
cannon_leopard,2666,509,1-0,21,5,0,5,4,1
cannon_leopard,2667,100,1/2-1/2,40,16,8,8,9,7
cannon_leopard,2668,141,1-0,19,5,1,4,4,1
cannon_leopard,2669,161,1-0,23,13,9,4,7,6
cannon_leopard,2670,190,0-1,17,7,2,5,2,5
cannon_leopard,2671,163,1/2-1/2,8,10,8,2,5,5
cannon_leopard,2672,122,0-1,38,14,8,6,7,7
cannon_leopard,2673,115,1-0,17,7,3,4,5,2
cannon_leopard,2674,288,1/2-1/2,12,6,2,4,3,3
cannon_leopard,2675,184,0-1,18,4,0,4,1,3
cannon_leopard,2676,130,0-1,15,5,1,4,1,4
cannon_leopard,2677,169,1-0,9,3,0,3,2,1
cannon_leopard,2678,205,1-0,10,4,1,3,3,1
cannon_leopard,2679,168,0-1,21,5,0,5,1,4
cannon_leopard,2680,231,1-0,13,5,1,4,4,1
cannon_leopard,2681,317,1/2-1/2,20,10,5,5,5,5
cannon_leopard,2682,562,1/2-1/2,13,5,0,5,2,3
cannon_leopard,2683,128,1/2-1/2,24,10,6,4,5,5
cannon_leopard,2684,169,1/2-1/2,12,6,2,4,3,3
cannon_leopard,2685,185,1-0,18,4,0,4,3,1
cannon_leopard,2686,180,0-1,30,8,3,5,3,5
cannon_leopard,2687,125,1-0,13,9,5,4,7,2
cannon_leopard,2688,279,1-0,8,4,0,4,3,1
cannon_leopard,2689,125,1-0,13,11,7,4,7,4
cannon_leopard,2690,291,1/2-1/2,18,6,1,5,4,2
cannon_leopard,2691,193,1/2-1/2,84,28,14,14,14,14
cannon_leopard,2692,172,0-1,12,4,0,4,1,3
cannon_leopard,2693,123,1/2-1/2,19,7,2,5,3,4
cannon_leopard,2694,167,1-0,19,5,1,4,4,1
cannon_leopard,2695,164,0-1,31,9,4,5,3,6
cannon_leopard,2696,145,1-0,16,6,2,4,4,2
cannon_leopard,2697,208,0-1,21,7,3,4,1,6
cannon_leopard,2698,202,1/2-1/2,3,3,0,3,2,1
cannon_leopard,2699,138,0-1,22,10,5,5,3,7
cannon_leopard,2700,171,1-0,7,7,4,3,5,2
cannon_leopard,2701,376,1/2-1/2,10,4,0,4,2,2
cannon_leopard,2702,139,1-0,11,5,2,3,4,1
cannon_leopard,2703,417,1/2-1/2,34,14,8,6,7,7
cannon_leopard,2704,162,0-1,9,3,0,3,1,2
hawk_unicorn,1,156,0-1,11,5,1,4,1,4
hawk_unicorn,2,153,1-0,19,5,1,4,4,1
hawk_unicorn,3,207,1-0,4,4,1,3,3,1
hawk_unicorn,4,206,0-1,14,4,0,4,1,3
hawk_unicorn,5,105,1-0,39,17,8,9,9,8
hawk_unicorn,6,81,1/2-1/2,38,22,11,11,11,11
hawk_unicorn,7,133,1-0,22,10,5,5,8,2
hawk_unicorn,8,140,0-1,13,6,1,5,1,5
hawk_unicorn,9,183,1-0,18,6,1,5,5,1
hawk_unicorn,10,200,0-1,15,7,3,4,1,6
hawk_unicorn,11,171,1-0,24,9,3,6,5,4
hawk_unicorn,12,265,1/2-1/2,6,4,0,4,1,3
hawk_unicorn,13,125,1-0,15,7,3,4,5,2
hawk_unicorn,14,155,1-0,13,5,1,4,4,1
hawk_unicorn,15,246,0-1,19,5,1,4,1,4
hawk_unicorn,16,161,1-0,16,6,2,4,5,1
hawk_unicorn,17,137,1-0,12,4,0,4,3,1
hawk_unicorn,18,122,0-1,13,8,2,6,2,6
hawk_unicorn,19,259,1/2-1/2,7,5,1,4,3,2
hawk_unicorn,20,289,1/2-1/2,0,2,0,2,1,1
hawk_unicorn,21,139,1-0,19,9,5,4,6,3
hawk_unicorn,22,149,1-0,16,9,4,5,7,2
hawk_unicorn,23,145,1-0,10,6,2,4,5,1
hawk_unicorn,24,125,1-0,17,9,5,4,6,3
hawk_unicorn,25,250,1/2-1/2,8,4,0,4,2,2
hawk_unicorn,26,201,1-0,9,3,0,3,2,1
hawk_unicorn,27,200,0-1,16,6,1,5,1,5
hawk_unicorn,28,188,0-1,5,3,0,3,1,2
hawk_unicorn,29,60,1/2-1/2,71,29,12,17,15,14
hawk_unicorn,30,219,1/2-1/2,0,2,0,2,1,1
hawk_unicorn,31,240,0-1,19,11,7,4,4,7
hawk_unicorn,32,123,1/2-1/2,17,15,11,4,8,7
hawk_unicorn,33,120,0-1,15,5,1,4,2,3
hawk_unicorn,34,275,1/2-1/2,3,3,0,3,2,1
hawk_unicorn,35,74,1/2-1/2,47,18,8,10,9,9
hawk_unicorn,36,361,1-0,15,5,1,4,4,1
hawk_unicorn,37,135,1-0,17,7,3,4,5,2
hawk_unicorn,38,268,1/2-1/2,0,2,0,2,1,1
hawk_unicorn,39,269,1-0,8,4,0,4,3,1
hawk_unicorn,40,109,1-0,23,12,6,6,9,3
hawk_unicorn,41,181,1-0,15,5,1,4,3,2
hawk_unicorn,42,123,1-0,11,5,2,3,4,1
hawk_unicorn,43,133,1-0,11,5,2,3,4,1
hawk_unicorn,44,239,1/2-1/2,8,4,0,4,2,2
hawk_unicorn,45,139,1/2-1/2,35,13,6,7,6,7
hawk_unicorn,46,167,1-0,23,7,2,5,6,1
hawk_unicorn,47,159,1-0,22,10,5,5,6,4
hawk_unicorn,48,306,0-1,9,3,0,3,1,2
hawk_unicorn,49,180,1/2-1/2,4,5,1,4,2,3
hawk_unicorn,50,196,0-1,14,4,0,4,1,3
hawk_unicorn,51,153,1-0,20,6,2,4,5,1
hawk_unicorn,52,95,1-0,28,15,8,7,8,7
hawk_unicorn,53,139,1-0,21,7,3,4,6,1
hawk_unicorn,54,330,0-1,8,9,5,4,3,6
hawk_unicorn,55,352,1/2-1/2,9,7,3,4,4,3
hawk_unicorn,56,174,0-1,14,6,2,4,1,5
hawk_unicorn,57,159,1-0,21,10,4,6,9,1
hawk_unicorn,58,130,0-1,5,3,0,3,1,2
hawk_unicorn,59,180,0-1,18,8,3,5,2,6
hawk_unicorn,60,164,0-1,20,6,2,4,1,5
hawk_unicorn,61,135,1-0,15,9,6,3,8,1
hawk_unicorn,62,181,1-0,17,7,3,4,5,2
hawk_unicorn,63,119,1-0,18,10,6,4,7,3
hawk_unicorn,64,201,1-0,5,3,0,3,2,1
hawk_unicorn,65,152,0-1,23,9,5,4,2,7
hawk_unicorn,66,329,1/2-1/2,0,2,0,2,1,1
hawk_unicorn,67,127,1-0,12,6,3,3,5,1
hawk_unicorn,68,233,1/2-1/2,18,6,1,5,2,4
hawk_unicorn,69,97,1-0,23,11,6,5,8,3
hawk_unicorn,70,100,1/2-1/2,19,13,5,8,7,6
hawk_unicorn,71,188,0-1,16,8,4,4,3,5
hawk_unicorn,72,119,1-0,20,6,2,4,5,1
hawk_unicorn,73,85,1/2-1/2,35,20,11,9,11,9
hawk_unicorn,74,187,1-0,14,4,0,4,3,1
hawk_unicorn,75,184,0-1,17,7,2,5,2,5
hawk_unicorn,76,367,1/2-1/2,0,2,0,2,1,1
hawk_unicorn,77,317,1-0,3,4,0,4,3,1
hawk_unicorn,78,127,1-0,15,7,3,4,6,1
hawk_unicorn,79,146,0-1,14,6,2,4,1,5
hawk_unicorn,80,393,1/2-1/2,3,3,0,3,2,1
hawk_unicorn,81,177,1/2-1/2,19,9,3,6,4,5
hawk_unicorn,82,340,0-1,18,4,0,4,1,3
hawk_unicorn,83,197,1/2-1/2,18,8,3,5,3,5
hawk_unicorn,84,147,1-0,16,6,2,4,5,1
hawk_unicorn,85,271,1/2-1/2,3,3,0,3,1,2
hawk_unicorn,86,313,1/2-1/2,0,2,0,2,1,1
hawk_unicorn,87,149,1-0,12,8,4,4,7,1
hawk_unicorn,88,138,0-1,20,8,3,5,3,5
hawk_unicorn,89,172,0-1,18,6,1,5,1,5
hawk_unicorn,90,124,0-1,26,12,7,5,4,8
hawk_unicorn,91,184,0-1,21,5,0,5,1,4
hawk_unicorn,92,155,1-0,17,8,2,6,7,1
hawk_unicorn,93,166,1/2-1/2,22,17,10,7,8,9
hawk_unicorn,94,210,0-1,16,10,6,4,4,6
hawk_unicorn,95,110,1/2-1/2,31,14,5,9,7,7
hawk_unicorn,96,126,1/2-1/2,16,12,8,4,5,7
hawk_unicorn,97,156,0-1,16,8,4,4,1,7
hawk_unicorn,98,157,1/2-1/2,20,8,3,5,5,3
hawk_unicorn,99,170,1/2-1/2,13,10,5,5,4,6
hawk_unicorn,100,163,1/2-1/2,20,8,3,5,5,3
hawk_unicorn,101,156,0-1,20,6,2,4,1,5
hawk_unicorn,102,140,0-1,18,4,0,4,1,3
hawk_unicorn,103,88,0-1,31,15,10,5,6,9
hawk_unicorn,104,176,0-1,24,6,1,5,1,5
hawk_unicorn,105,185,1-0,12,4,0,4,3,1
hawk_unicorn,106,228,0-1,9,3,0,3,1,2
hawk_unicorn,107,217,1/2-1/2,22,8,4,4,4,4
hawk_unicorn,108,149,1-0,13,6,1,5,5,1
hawk_unicorn,109,103,1-0,23,11,6,5,6,5
hawk_unicorn,110,170,1/2-1/2,12,6,2,4,3,3
hawk_unicorn,111,167,1-0,9,3,0,3,2,1
hawk_unicorn,112,138,0-1,22,12,8,4,5,7
hawk_unicorn,113,121,1-0,12,9,4,5,8,1
hawk_unicorn,114,141,1-0,24,8,3,5,6,2
hawk_unicorn,115,226,0-1,9,5,1,4,1,4
hawk_unicorn,116,99,1-0,28,10,3,7,7,3
hawk_unicorn,117,165,1-0,26,10,5,5,6,4
hawk_unicorn,118,171,1-0,14,7,2,5,6,1
hawk_unicorn,119,253,1/2-1/2,6,4,0,4,2,2
hawk_unicorn,120,179,1-0,12,6,3,3,5,1
hawk_unicorn,121,135,1-0,13,7,2,5,5,2
hawk_unicorn,122,133,1-0,24,10,5,5,7,3
hawk_unicorn,123,141,1-0,15,9,4,5,4,5
hawk_unicorn,124,244,0-1,9,3,0,3,1,2
hawk_unicorn,125,257,1/2-1/2,3,3,0,3,1,2
hawk_unicorn,126,183,1-0,21,8,1,7,5,3
hawk_unicorn,127,149,1-0,20,6,2,4,4,2
hawk_unicorn,128,228,0-1,9,3,0,3,1,2
hawk_unicorn,129,146,0-1,16,8,4,4,3,5
hawk_unicorn,130,132,1/2-1/2,14,8,4,4,4,4
hawk_unicorn,131,183,1-0,10,6,2,4,5,1
hawk_unicorn,132,383,1/2-1/2,0,2,0,2,1,1
hawk_unicorn,133,151,1-0,14,6,2,4,4,2
hawk_unicorn,134,135,1-0,9,3,0,3,2,1
hawk_unicorn,135,139,1-0,25,7,1,6,5,2
hawk_unicorn,136,450,1/2-1/2,3,3,0,3,2,1
hawk_unicorn,137,153,1-0,18,7,1,6,6,1
hawk_unicorn,138,251,1-0,9,3,0,3,2,1
hawk_unicorn,139,167,1/2-1/2,20,14,9,5,9,5
hawk_unicorn,140,297,1-0,19,5,1,4,4,1
hawk_unicorn,141,274,1/2-1/2,3,3,0,3,1,2
hawk_unicorn,142,215,1-0,3,4,0,4,3,1
hawk_unicorn,143,114,1/2-1/2,30,16,10,6,9,7
hawk_unicorn,144,336,1/2-1/2,15,9,5,4,4,5
hawk_unicorn,145,63,1/2-1/2,39,22,12,10,10,12
hawk_unicorn,146,123,1/2-1/2,26,16,10,6,8,8
hawk_unicorn,147,221,1-0,9,3,0,3,2,1
hawk_unicorn,148,178,1/2-1/2,15,7,2,5,3,4
hawk_unicorn,149,186,0-1,19,5,1,4,1,4
hawk_unicorn,150,192,0-1,19,7,2,5,1,6
hawk_unicorn,151,154,0-1,18,4,0,4,1,3
hawk_unicorn,152,152,0-1,21,7,3,4,3,4
hawk_unicorn,153,202,0-1,17,6,0,6,1,5
hawk_unicorn,154,175,1-0,14,6,2,4,4,2
hawk_unicorn,155,194,0-1,21,7,3,4,2,5
hawk_unicorn,156,167,1-0,4,4,1,3,2,2
hawk_unicorn,157,130,0-1,18,10,6,4,4,6
hawk_unicorn,158,128,0-1,16,6,2,4,1,5
hawk_unicorn,159,147,1-0,10,6,2,4,5,1
hawk_unicorn,160,115,1-0,21,7,3,4,6,1
hawk_unicorn,161,131,1-0,13,7,4,3,6,1
hawk_unicorn,162,145,1-0,16,8,4,4,5,3
hawk_unicorn,163,240,0-1,12,4,0,4,1,3
hawk_unicorn,164,165,1/2-1/2,14,8,4,4,4,4
hawk_unicorn,165,173,1-0,14,6,2,4,4,2
hawk_unicorn,166,194,1/2-1/2,10,6,2,4,2,4
hawk_unicorn,167,225,1-0,12,4,0,4,3,1
hawk_unicorn,168,165,1-0,12,4,0,4,3,1
hawk_unicorn,169,163,1-0,20,6,2,4,5,1
hawk_unicorn,170,166,0-1,12,4,0,4,1,3
hawk_unicorn,171,237,1-0,10,4,1,3,3,1
hawk_unicorn,172,113,1-0,14,8,5,3,6,2
hawk_unicorn,173,160,0-1,22,10,5,5,3,7
hawk_unicorn,174,110,0-1,22,14,10,4,6,8
hawk_unicorn,175,249,1-0,13,5,1,4,4,1
hawk_unicorn,176,126,0-1,17,9,5,4,2,7
hawk_unicorn,177,161,1-0,13,5,1,4,4,1
hawk_unicorn,178,257,1-0,6,4,0,4,3,1
hawk_unicorn,179,122,1/2-1/2,5,5,2,3,2,3
hawk_unicorn,180,367,1-0,13,5,1,4,4,1
hawk_unicorn,181,271,1/2-1/2,9,7,0,7,4,3
hawk_unicorn,182,123,1-0,19,5,1,4,4,1
hawk_unicorn,183,111,1-0,12,6,3,3,3,3
hawk_unicorn,184,203,1-0,27,5,0,5,4,1
hawk_unicorn,185,151,1-0,18,11,6,5,7,4
hawk_unicorn,186,196,0-1,18,4,0,4,1,3
hawk_unicorn,187,241,1-0,12,5,0,5,4,1
hawk_unicorn,188,201,1-0,15,5,1,4,4,1
hawk_unicorn,189,144,0-1,20,6,1,5,2,4
hawk_unicorn,190,153,1-0,24,8,3,5,6,2
hawk_unicorn,191,154,0-1,18,6,1,5,1,5
hawk_unicorn,192,183,1-0,18,4,0,4,3,1
hawk_unicorn,193,181,1-0,27,11,3,8,7,4
hawk_unicorn,194,135,1-0,12,6,3,3,4,2
hawk_unicorn,195,274,0-1,13,5,1,4,1,4
hawk_unicorn,196,362,1/2-1/2,9,3,0,3,1,2
hawk_unicorn,197,116,1/2-1/2,21,13,7,6,7,6
hawk_unicorn,198,200,1/2-1/2,41,15,7,8,8,7
hawk_unicorn,199,147,1-0,17,7,3,4,6,1
hawk_unicorn,200,126,0-1,21,9,4,5,2,7
hawk_unicorn,201,92,1/2-1/2,16,13,8,5,7,6
hawk_unicorn,202,179,1-0,12,4,0,4,3,1
hawk_unicorn,203,266,0-1,13,7,4,3,3,4
hawk_unicorn,204,127,1-0,15,5,1,4,4,1
hawk_unicorn,205,245,1-0,11,5,2,3,4,1
hawk_unicorn,206,149,1-0,11,5,2,3,3,2
hawk_unicorn,207,125,1-0,20,6,2,4,5,1
hawk_unicorn,208,131,1-0,26,12,8,4,7,5
hawk_unicorn,209,395,1-0,6,5,0,5,4,1
hawk_unicorn,210,138,0-1,20,6,2,4,3,3
hawk_unicorn,211,174,0-1,5,3,0,3,1,2
hawk_unicorn,212,300,1/2-1/2,7,5,2,3,1,4
hawk_unicorn,213,429,1/2-1/2,3,3,0,3,1,2
hawk_unicorn,214,239,1/2-1/2,8,4,0,4,2,2
hawk_unicorn,215,119,1-0,17,9,5,4,6,3
hawk_unicorn,216,173,1/2-1/2,15,12,6,6,7,5
hawk_unicorn,217,86,1/2-1/2,40,14,3,11,6,8
hawk_unicorn,218,117,1-0,19,9,4,5,5,4
hawk_unicorn,219,106,0-1,22,11,3,8,4,7
hawk_unicorn,220,176,0-1,5,3,0,3,1,2
hawk_unicorn,221,177,1-0,6,4,1,3,3,1
hawk_unicorn,222,115,1-0,24,10,5,5,8,2
hawk_unicorn,223,248,1/2-1/2,8,4,0,4,2,2
hawk_unicorn,224,227,1-0,9,3,0,3,2,1
hawk_unicorn,225,144,0-1,13,5,1,4,1,4
hawk_unicorn,226,154,0-1,15,11,7,4,3,8
hawk_unicorn,227,144,0-1,13,5,1,4,1,4
hawk_unicorn,228,175,1-0,13,5,1,4,4,1
hawk_unicorn,229,122,0-1,15,7,3,4,2,5
hawk_unicorn,230,171,1-0,13,5,1,4,4,1
hawk_unicorn,231,99,1/2-1/2,29,13,6,7,7,6
hawk_unicorn,232,193,1-0,18,9,3,6,8,1
hawk_unicorn,233,199,1-0,10,4,1,3,3,1
hawk_unicorn,234,162,0-1,18,4,0,4,1,3
hawk_unicorn,235,157,1-0,10,6,2,4,5,1
hawk_unicorn,236,215,1-0,9,3,0,3,2,1
hawk_unicorn,237,95,1-0,19,9,5,4,6,3
hawk_unicorn,238,142,0-1,22,10,4,6,4,6
hawk_unicorn,239,98,1/2-1/2,17,11,7,4,5,6
hawk_unicorn,240,136,1/2-1/2,13,7,3,4,3,4
hawk_unicorn,241,199,1-0,8,4,0,4,3,1
hawk_unicorn,242,126,0-1,14,6,2,4,2,4
hawk_unicorn,243,221,1-0,7,8,4,4,6,2
hawk_unicorn,244,153,1-0,17,7,2,5,6,1
hawk_unicorn,245,181,1-0,20,6,2,4,5,1
hawk_unicorn,246,210,0-1,14,6,2,4,1,5
hawk_unicorn,247,136,0-1,19,15,11,4,7,8
hawk_unicorn,248,293,1/2-1/2,11,6,0,6,3,3
hawk_unicorn,249,216,0-1,16,6,2,4,1,5
hawk_unicorn,250,162,0-1,10,4,1,3,1,3
hawk_unicorn,251,179,1-0,6,4,1,3,3,1
hawk_unicorn,252,232,1/2-1/2,11,5,1,4,2,3
hawk_unicorn,253,121,1/2-1/2,14,8,3,5,4,4
hawk_unicorn,254,162,0-1,16,6,1,5,1,5
hawk_unicorn,255,247,1/2-1/2,3,3,0,3,2,1
hawk_unicorn,256,149,1-0,10,4,1,3,3,1
hawk_unicorn,257,163,1-0,25,9,4,5,6,3
hawk_unicorn,258,238,0-1,12,4,0,4,1,3
hawk_unicorn,259,123,1-0,12,8,4,4,6,2
hawk_unicorn,260,284,0-1,6,5,0,5,1,4
hawk_unicorn,261,159,1-0,18,4,0,4,3,1
hawk_unicorn,262,154,0-1,10,4,1,3,1,3
hawk_unicorn,263,171,1-0,11,5,2,3,4,1
hawk_unicorn,264,102,0-1,17,9,5,4,3,6
hawk_unicorn,265,342,0-1,9,3,0,3,1,2
hawk_unicorn,266,217,1/2-1/2,8,7,2,5,3,4
hawk_unicorn,267,277,1/2-1/2,0,2,0,2,1,1
hawk_unicorn,268,112,0-1,15,9,6,3,3,6
hawk_unicorn,269,260,0-1,18,4,0,4,1,3
hawk_unicorn,270,103,1-0,22,13,7,6,7,6
hawk_unicorn,271,221,1-0,5,3,0,3,2,1
hawk_unicorn,272,142,1/2-1/2,18,12,8,4,6,6
hawk_unicorn,273,295,1/2-1/2,3,3,0,3,2,1
hawk_unicorn,274,135,1-0,8,6,3,3,5,1
hawk_unicorn,275,157,1-0,18,8,3,5,7,1
hawk_unicorn,276,143,1-0,10,4,1,3,3,1
hawk_unicorn,277,403,1/2-1/2,7,5,1,4,2,3
hawk_unicorn,278,147,1-0,15,5,1,4,4,1
hawk_unicorn,279,228,0-1,8,4,0,4,1,3
hawk_unicorn,280,60,1/2-1/2,58,22,11,11,12,10
hawk_unicorn,281,114,0-1,12,8,4,4,2,6
hawk_unicorn,282,149,1-0,6,4,1,3,3,1
hawk_unicorn,283,153,1-0,9,3,0,3,2,1
hawk_unicorn,284,98,0-1,23,11,6,5,3,8
hawk_unicorn,285,157,1-0,18,6,1,5,5,1
hawk_unicorn,286,147,1-0,18,10,6,4,6,4
hawk_unicorn,287,167,1-0,20,6,2,4,5,1
hawk_unicorn,288,95,1-0,29,11,6,5,8,3
hawk_unicorn,289,181,1/2-1/2,0,2,0,2,1,1
hawk_unicorn,290,145,1-0,16,6,2,4,5,1
hawk_unicorn,291,175,1-0,5,3,0,3,2,1
hawk_unicorn,292,134,0-1,10,7,2,5,2,5
hawk_unicorn,293,155,1-0,20,6,2,4,5,1
hawk_unicorn,294,381,1/2-1/2,0,2,0,2,1,1
hawk_unicorn,295,60,1/2-1/2,68,27,12,15,13,14
hawk_unicorn,296,159,1-0,18,10,6,4,7,3
hawk_unicorn,297,260,1/2-1/2,3,3,0,3,1,2
hawk_unicorn,298,180,0-1,10,4,1,3,1,3
hawk_unicorn,299,105,1/2-1/2,15,13,9,4,7,6
hawk_unicorn,300,228,0-1,15,5,0,5,1,4
hawk_unicorn,301,106,0-1,27,14,7,7,6,8
hawk_unicorn,302,76,1/2-1/2,30,19,11,8,9,10
hawk_unicorn,303,159,1-0,20,11,5,6,6,5
hawk_unicorn,304,159,1/2-1/2,11,5,1,4,3,2
hawk_unicorn,305,177,1-0,16,6,2,4,5,1
hawk_unicorn,306,141,1-0,17,7,2,5,5,2
hawk_unicorn,307,181,1-0,20,6,2,4,5,1
hawk_unicorn,308,155,1-0,14,6,2,4,5,1
hawk_unicorn,309,232,0-1,10,4,1,3,1,3
hawk_unicorn,310,151,1-0,18,8,4,4,5,3
hawk_unicorn,311,237,1-0,12,6,1,5,5,1
hawk_unicorn,312,119,1-0,16,12,4,8,8,4
hawk_unicorn,313,175,1-0,19,5,1,4,4,1
hawk_unicorn,314,190,0-1,19,5,1,4,1,4
hawk_unicorn,315,125,1-0,13,7,4,3,6,1
hawk_unicorn,316,238,0-1,16,7,1,6,1,6
hawk_unicorn,317,157,1/2-1/2,14,6,2,4,2,4
hawk_unicorn,318,152,0-1,20,8,3,5,2,6
hawk_unicorn,319,194,1/2-1/2,21,7,3,4,3,4
hawk_unicorn,320,187,1-0,9,3,0,3,2,1
hawk_unicorn,321,161,1-0,15,5,1,4,4,1
hawk_unicorn,322,157,1-0,16,10,7,3,6,4
hawk_unicorn,323,199,1-0,10,4,1,3,3,1
hawk_unicorn,324,179,1-0,5,3,0,3,2,1
hawk_unicorn,325,111,1-0,17,12,6,6,8,4
hawk_unicorn,326,169,1/2-1/2,8,6,2,4,3,3
hawk_unicorn,327,151,1-0,18,4,0,4,3,1
hawk_unicorn,328,185,1-0,20,6,1,5,4,2
hawk_unicorn,329,153,1-0,20,6,2,4,5,1
hawk_unicorn,330,157,1-0,9,3,0,3,2,1
hawk_unicorn,331,166,0-1,12,4,0,4,1,3
hawk_unicorn,332,132,0-1,15,7,3,4,2,5
hawk_unicorn,333,154,0-1,11,5,2,3,1,4
hawk_unicorn,334,76,1/2-1/2,30,16,10,6,7,9
hawk_unicorn,335,195,1-0,9,5,1,4,4,1
hawk_unicorn,336,189,1-0,14,6,2,4,5,1
hawk_unicorn,337,324,1/2-1/2,11,6,0,6,4,2
hawk_unicorn,338,121,1-0,13,5,1,4,4,1
hawk_unicorn,339,277,1/2-1/2,3,4,0,4,1,3
hawk_unicorn,340,137,1-0,11,5,2,3,4,1
hawk_unicorn,341,199,1-0,13,5,1,4,4,1
hawk_unicorn,342,173,1-0,18,4,0,4,3,1
hawk_unicorn,343,60,1/2-1/2,45,23,10,13,11,12
hawk_unicorn,344,120,1/2-1/2,4,6,4,2,3,3
hawk_unicorn,345,149,1-0,6,4,1,3,3,1
hawk_unicorn,346,155,1/2-1/2,8,6,2,4,3,3
hawk_unicorn,347,184,0-1,5,3,0,3,1,2
hawk_unicorn,348,210,0-1,15,5,1,4,1,4
hawk_unicorn,349,120,0-1,30,15,7,8,6,9
hawk_unicorn,350,134,0-1,21,7,1,6,1,6
hawk_unicorn,351,386,1/2-1/2,3,3,0,3,1,2
hawk_unicorn,352,143,1-0,24,10,6,4,8,2
hawk_unicorn,353,409,1/2-1/2,23,11,5,6,5,6
hawk_unicorn,354,117,1-0,26,10,5,5,7,3
hawk_unicorn,355,60,1/2-1/2,57,27,13,14,14,13
hawk_unicorn,356,142,0-1,24,8,2,6,2,6
hawk_unicorn,357,150,0-1,21,5,0,5,1,4
hawk_unicorn,358,175,1-0,15,5,1,4,4,1
hawk_unicorn,359,99,1-0,21,11,5,6,7,4
hawk_unicorn,360,223,1-0,10,4,0,4,3,1
hawk_unicorn,361,167,1/2-1/2,16,6,0,6,3,3
hawk_unicorn,362,219,1-0,21,5,0,5,3,2
hawk_unicorn,363,145,1-0,9,5,1,4,4,1
hawk_unicorn,364,133,1-0,14,6,2,4,4,2
hawk_unicorn,365,110,0-1,15,8,3,5,3,5
hawk_unicorn,366,165,1-0,21,9,1,8,6,3
hawk_unicorn,367,202,0-1,10,7,1,6,1,6
hawk_unicorn,368,177,1-0,18,8,3,5,6,2
hawk_unicorn,369,148,0-1,16,9,4,5,2,7
hawk_unicorn,370,183,1-0,23,5,0,5,4,1
hawk_unicorn,371,165,1-0,11,5,2,3,4,1
hawk_unicorn,372,178,1/2-1/2,28,13,2,11,7,6
hawk_unicorn,373,258,0-1,29,17,12,5,6,11
hawk_unicorn,374,180,1/2-1/2,1,3,1,2,1,2
hawk_unicorn,375,151,1-0,14,8,3,5,7,1
hawk_unicorn,376,145,1-0,21,7,3,4,6,1
hawk_unicorn,377,275,1/2-1/2,0,2,0,2,1,1
hawk_unicorn,378,123,1-0,20,6,2,4,4,2
hawk_unicorn,379,170,1/2-1/2,13,7,3,4,3,4
hawk_unicorn,380,149,1-0,13,6,1,5,5,1
hawk_unicorn,381,132,0-1,11,5,1,4,1,4
hawk_unicorn,382,153,1/2-1/2,24,12,6,6,6,6
hawk_unicorn,383,296,1/2-1/2,14,10,5,5,5,5
hawk_unicorn,384,151,1/2-1/2,11,10,5,5,6,4
hawk_unicorn,385,121,1-0,9,5,0,5,4,1
hawk_unicorn,386,182,0-1,14,7,2,5,3,4
hawk_unicorn,387,123,1-0,16,10,5,5,6,4
hawk_unicorn,388,282,1/2-1/2,13,7,3,4,3,4
hawk_unicorn,389,187,1-0,15,5,1,4,4,1
hawk_unicorn,390,125,1-0,29,10,3,7,7,3
hawk_unicorn,391,143,1-0,12,4,0,4,3,1
hawk_unicorn,392,216,0-1,5,3,0,3,1,2
hawk_unicorn,393,125,1-0,14,8,4,4,5,3
hawk_unicorn,394,252,1/2-1/2,7,6,1,5,2,4
hawk_unicorn,395,154,0-1,19,5,1,4,2,3
hawk_unicorn,396,212,0-1,8,4,0,4,1,3
hawk_unicorn,397,129,1-0,27,13,8,5,8,5
hawk_unicorn,398,135,1-0,16,6,2,4,5,1
hawk_unicorn,399,190,1/2-1/2,1,3,1,2,1,2
hawk_unicorn,400,137,1-0,14,6,2,4,4,2
hawk_unicorn,401,167,1-0,22,6,1,5,5,1
hawk_unicorn,402,176,0-1,9,3,0,3,1,2
hawk_unicorn,403,204,1/2-1/2,17,11,7,4,5,6
hawk_unicorn,404,178,0-1,12,5,0,5,1,4
hawk_unicorn,405,175,1-0,16,6,1,5,5,1
hawk_unicorn,406,300,0-1,14,6,2,4,1,5
hawk_unicorn,407,165,1-0,19,7,2,5,6,1
hawk_unicorn,408,186,0-1,10,6,2,4,1,5
hawk_unicorn,409,131,1-0,18,9,3,6,8,1
hawk_unicorn,410,217,1-0,9,3,0,3,2,1
hawk_unicorn,411,144,0-1,14,6,2,4,1,5
hawk_unicorn,412,175,1-0,9,3,0,3,2,1
hawk_unicorn,413,155,1-0,33,9,2,7,6,3
hawk_unicorn,414,139,1-0,13,6,1,5,5,1
hawk_unicorn,415,147,1-0,14,6,2,4,4,2
hawk_unicorn,416,139,1-0,19,5,1,4,4,1
hawk_unicorn,417,201,1-0,18,4,0,4,3,1
hawk_unicorn,418,115,1/2-1/2,23,13,8,5,6,7
hawk_unicorn,419,137,1-0,36,14,8,6,8,6
hawk_unicorn,420,169,1-0,4,5,1,4,4,1
hawk_unicorn,421,91,1/2-1/2,24,13,5,8,6,7
hawk_unicorn,422,198,1/2-1/2,44,18,10,8,9,9
hawk_unicorn,423,132,0-1,9,3,0,3,1,2
hawk_unicorn,424,205,1-0,14,4,0,4,3,1
hawk_unicorn,425,332,1/2-1/2,19,10,4,6,4,6
hawk_unicorn,426,150,0-1,20,6,2,4,2,4
hawk_unicorn,427,211,1-0,11,5,2,3,4,1
hawk_unicorn,428,69,1/2-1/2,28,17,9,8,9,8
hawk_unicorn,429,136,0-1,18,8,4,4,3,5
hawk_unicorn,430,206,0-1,9,3,0,3,1,2
hawk_unicorn,431,243,1-0,6,4,0,4,3,1
hawk_unicorn,432,159,1-0,11,5,2,3,4,1
hawk_unicorn,433,145,1-0,22,8,4,4,7,1
hawk_unicorn,434,117,1-0,10,6,2,4,5,1
hawk_unicorn,435,99,1/2-1/2,16,13,8,5,7,6
hawk_unicorn,436,272,1/2-1/2,8,4,0,4,2,2
hawk_unicorn,437,159,1-0,13,5,1,4,4,1
hawk_unicorn,438,149,1/2-1/2,16,10,6,4,5,5
hawk_unicorn,439,143,1-0,23,11,6,5,8,3
hawk_unicorn,440,224,1/2-1/2,5,7,5,2,3,4
hawk_unicorn,441,115,1-0,21,9,4,5,6,3
hawk_unicorn,442,134,1/2-1/2,23,11,6,5,5,6
hawk_unicorn,443,232,0-1,3,4,0,4,1,3
hawk_unicorn,444,238,1/2-1/2,0,2,0,2,1,1
hawk_unicorn,445,378,0-1,15,7,3,4,2,5
hawk_unicorn,446,229,1-0,21,5,0,5,4,1
hawk_unicorn,447,159,1-0,16,6,2,4,5,1
hawk_unicorn,448,163,1-0,14,8,3,5,7,1
hawk_unicorn,449,164,0-1,14,4,0,4,1,3
hawk_unicorn,450,125,1-0,16,6,2,4,5,1
hawk_unicorn,451,165,1-0,12,4,0,4,3,1
hawk_unicorn,452,128,0-1,26,8,3,5,1,7
hawk_unicorn,453,133,1-0,21,7,3,4,5,2
hawk_unicorn,454,166,0-1,9,3,0,3,1,2
hawk_unicorn,455,111,1-0,15,11,7,4,8,3
hawk_unicorn,456,191,1-0,12,4,0,4,3,1
hawk_unicorn,457,109,1-0,14,8,3,5,7,1
hawk_unicorn,458,175,1-0,15,5,1,4,4,1
hawk_unicorn,459,163,1-0,11,6,0,6,5,1
hawk_unicorn,460,165,1-0,16,6,2,4,5,1
hawk_unicorn,461,133,1-0,31,10,2,8,8,2
hawk_unicorn,462,156,0-1,15,7,3,4,2,5
hawk_unicorn,463,114,1/2-1/2,17,11,7,4,6,5
hawk_unicorn,464,165,1-0,14,8,5,3,5,3
hawk_unicorn,465,221,1-0,3,4,0,4,3,1
hawk_unicorn,466,173,1-0,10,4,1,3,3,1
hawk_unicorn,467,95,1/2-1/2,54,20,7,13,10,10
hawk_unicorn,468,165,1-0,13,5,1,4,4,1
hawk_unicorn,469,118,0-1,11,5,2,3,1,4
hawk_unicorn,470,299,1-0,9,3,0,3,2,1
hawk_unicorn,471,203,1-0,14,6,2,4,5,1
hawk_unicorn,472,165,1-0,21,5,0,5,4,1
hawk_unicorn,473,139,1-0,11,7,3,4,5,2
hawk_unicorn,474,155,1-0,15,5,0,5,4,1
hawk_unicorn,475,178,0-1,6,5,0,5,1,4
hawk_unicorn,476,240,0-1,10,4,1,3,1,3
hawk_unicorn,477,157,1-0,19,7,2,5,6,1
hawk_unicorn,478,124,0-1,18,8,4,4,3,5
hawk_unicorn,479,168,0-1,5,3,0,3,1,2
hawk_unicorn,480,203,1/2-1/2,17,14,9,5,8,6
hawk_unicorn,481,244,0-1,9,3,0,3,1,2
hawk_unicorn,482,138,0-1,14,6,2,4,2,4
hawk_unicorn,483,271,1/2-1/2,3,3,0,3,2,1
hawk_unicorn,484,110,0-1,28,12,6,6,5,7
hawk_unicorn,485,143,1-0,16,6,2,4,5,1
hawk_unicorn,486,152,0-1,16,8,4,4,2,6
hawk_unicorn,487,129,1-0,24,10,4,6,8,2
hawk_unicorn,488,458,1/2-1/2,17,5,0,5,2,3
hawk_unicorn,489,240,0-1,5,3,0,3,1,2
hawk_unicorn,490,114,0-1,13,7,4,3,1,6
hawk_unicorn,491,134,0-1,12,4,0,4,1,3
hawk_unicorn,492,121,1-0,23,9,3,6,6,3
hawk_unicorn,493,138,1/2-1/2,45,11,4,7,5,6
hawk_unicorn,494,129,1-0,10,6,2,4,5,1
hawk_unicorn,495,117,1-0,24,14,6,8,7,7
hawk_unicorn,496,171,1-0,10,4,0,4,3,1
hawk_unicorn,497,238,1/2-1/2,12,9,3,6,4,5
hawk_unicorn,498,159,1-0,12,6,3,3,5,1
hawk_unicorn,499,210,0-1,20,6,2,4,2,4
hawk_unicorn,500,185,1-0,12,6,3,3,5,1
hawk_unicorn,501,142,0-1,25,9,4,5,3,6
hawk_unicorn,502,162,0-1,15,5,1,4,1,4
hawk_unicorn,503,185,1-0,18,8,3,5,5,3
hawk_unicorn,504,154,0-1,30,12,6,6,4,8
hawk_unicorn,505,171,1-0,20,10,5,5,7,3
hawk_unicorn,506,212,0-1,13,5,1,4,1,4
hawk_unicorn,507,60,1/2-1/2,34,17,9,8,9,8
hawk_unicorn,508,147,1-0,19,5,1,4,4,1
hawk_unicorn,509,205,1-0,17,8,2,6,7,1
hawk_unicorn,510,126,1/2-1/2,28,14,6,8,6,8
hawk_unicorn,511,226,1/2-1/2,10,4,0,4,2,2
hawk_unicorn,512,97,1/2-1/2,15,13,9,4,7,6
hawk_unicorn,513,222,0-1,9,3,0,3,1,2
hawk_unicorn,514,155,1-0,22,6,1,5,5,1
hawk_unicorn,515,248,0-1,13,7,4,3,2,5
hawk_unicorn,516,190,0-1,18,4,0,4,1,3
hawk_unicorn,517,132,1/2-1/2,19,9,3,6,4,5
hawk_unicorn,518,183,1-0,19,5,1,4,4,1
hawk_unicorn,519,101,1/2-1/2,19,9,3,6,4,5
hawk_unicorn,520,145,1-0,16,6,2,4,4,2
hawk_unicorn,521,127,1-0,17,7,3,4,6,1
hawk_unicorn,522,112,0-1,20,10,6,4,3,7
hawk_unicorn,523,137,1-0,10,7,2,5,5,2
hawk_unicorn,524,317,1/2-1/2,3,3,0,3,2,1
hawk_unicorn,525,183,1/2-1/2,7,5,2,3,3,2
hawk_unicorn,526,333,1/2-1/2,20,11,5,6,4,7
hawk_unicorn,527,138,0-1,14,6,2,4,2,4
hawk_unicorn,528,337,1-0,8,5,0,5,4,1
hawk_unicorn,529,131,1-0,17,9,5,4,6,3
hawk_unicorn,530,171,1-0,18,8,4,4,5,3
hawk_unicorn,531,101,1-0,16,11,5,6,9,2
hawk_unicorn,532,105,1-0,13,7,4,3,5,2
hawk_unicorn,533,117,1-0,23,7,2,5,6,1
hawk_unicorn,534,125,1-0,24,13,7,6,10,3
hawk_unicorn,535,131,1-0,12,6,3,3,5,1
hawk_unicorn,536,87,1-0,23,11,6,5,7,4
hawk_unicorn,537,117,1-0,14,10,6,4,6,4
hawk_unicorn,538,240,0-1,3,4,0,4,1,3
hawk_unicorn,539,140,0-1,20,8,3,5,4,4
hawk_unicorn,540,294,1/2-1/2,6,4,0,4,2,2
hawk_unicorn,541,153,1/2-1/2,8,6,2,4,3,3
hawk_unicorn,542,151,1-0,13,7,4,3,5,2
hawk_unicorn,543,137,1-0,22,6,1,5,5,1
hawk_unicorn,544,143,1-0,21,7,3,4,5,2
hawk_unicorn,545,117,1-0,18,8,4,4,6,2
hawk_unicorn,546,342,1/2-1/2,3,3,0,3,1,2
hawk_unicorn,547,161,1-0,17,7,3,4,6,1
hawk_unicorn,548,119,1-0,13,10,5,5,8,2
hawk_unicorn,549,353,1/2-1/2,30,20,14,6,10,10
hawk_unicorn,550,164,0-1,22,8,4,4,3,5
hawk_unicorn,551,147,1-0,5,3,0,3,2,1
hawk_unicorn,552,121,1-0,20,8,3,5,6,2
hawk_unicorn,553,157,1-0,17,8,2,6,7,1
hawk_unicorn,554,121,1-0,15,7,3,4,6,1
hawk_unicorn,555,284,1/2-1/2,0,2,0,2,1,1
hawk_unicorn,556,181,1-0,12,4,0,4,3,1
hawk_unicorn,557,235,1-0,9,3,0,3,2,1
hawk_unicorn,558,141,1-0,21,7,3,4,5,2
hawk_unicorn,559,192,0-1,16,6,1,5,1,5
hawk_unicorn,560,208,1/2-1/2,12,6,2,4,4,2
hawk_unicorn,561,220,0-1,27,5,0,5,2,3
hawk_unicorn,562,198,0-1,16,6,2,4,1,5
hawk_unicorn,563,320,1/2-1/2,14,6,0,6,3,3
hawk_unicorn,564,111,1/2-1/2,28,14,6,8,7,7
hawk_unicorn,565,165,1-0,15,5,0,5,4,1
hawk_unicorn,566,158,0-1,17,7,2,5,1,6
hawk_unicorn,567,289,1/2-1/2,8,4,0,4,2,2
hawk_unicorn,568,164,0-1,12,4,0,4,1,3
hawk_unicorn,569,163,1-0,18,4,0,4,3,1
hawk_unicorn,570,139,1-0,19,5,1,4,4,1
hawk_unicorn,571,87,1/2-1/2,23,14,7,7,6,8
hawk_unicorn,572,126,1/2-1/2,18,12,8,4,6,6
hawk_unicorn,573,137,1/2-1/2,21,9,3,6,5,4
hawk_unicorn,574,160,0-1,18,8,4,4,2,6
hawk_unicorn,575,111,1-0,25,11,6,5,8,3
hawk_unicorn,576,188,0-1,22,8,4,4,3,5
hawk_unicorn,577,216,0-1,18,4,0,4,1,3
hawk_unicorn,578,105,1-0,34,17,8,9,10,7
hawk_unicorn,579,141,1-0,19,7,2,5,6,1
hawk_unicorn,580,153,1-0,12,9,3,6,7,2
hawk_unicorn,581,225,1/2-1/2,13,6,1,5,2,4
hawk_unicorn,582,194,0-1,3,4,0,4,1,3
hawk_unicorn,583,167,1-0,8,6,2,4,5,1
hawk_unicorn,584,129,1-0,17,7,2,5,6,1
hawk_unicorn,585,300,1/2-1/2,3,3,0,3,2,1
hawk_unicorn,586,99,1-0,21,11,7,4,7,4
hawk_unicorn,587,476,0-1,5,3,0,3,1,2
hawk_unicorn,588,182,0-1,12,5,0,5,1,4
hawk_unicorn,589,184,0-1,23,7,1,6,2,5
hawk_unicorn,590,165,1/2-1/2,12,9,3,6,4,5
hawk_unicorn,591,135,1-0,19,5,1,4,4,1
hawk_unicorn,592,129,1-0,13,7,4,3,6,1
hawk_unicorn,593,199,1-0,16,8,4,4,6,2
hawk_unicorn,594,114,0-1,24,10,5,5,3,7
hawk_unicorn,595,489,1/2-1/2,6,4,0,4,2,2
hawk_unicorn,596,165,1/2-1/2,8,5,0,5,3,2
hawk_unicorn,597,207,1/2-1/2,37,17,10,7,7,10
hawk_unicorn,598,267,1-0,10,4,0,4,3,1
hawk_unicorn,599,191,1-0,20,6,2,4,5,1
hawk_unicorn,600,142,0-1,11,5,2,3,2,3
hawk_unicorn,601,109,1-0,17,9,5,4,7,2
hawk_unicorn,602,97,1-0,20,12,8,4,9,3
hawk_unicorn,603,172,0-1,5,3,0,3,1,2
hawk_unicorn,604,272,0-1,22,8,3,5,3,5
hawk_unicorn,605,296,0-1,8,4,0,4,1,3
hawk_unicorn,606,157,1-0,13,5,1,4,3,2
hawk_unicorn,607,169,1-0,6,4,1,3,3,1
hawk_unicorn,608,181,1-0,15,6,0,6,5,1
hawk_unicorn,609,135,1/2-1/2,29,17,11,6,8,9
hawk_unicorn,610,229,1/2-1/2,13,9,1,8,5,4
hawk_unicorn,611,151,1-0,16,8,4,4,6,2
hawk_unicorn,612,107,1/2-1/2,22,8,2,6,4,4
hawk_unicorn,613,226,0-1,11,5,2,3,2,3
hawk_unicorn,614,135,1-0,13,5,1,4,4,1
hawk_unicorn,615,207,1-0,11,5,2,3,4,1
hawk_unicorn,616,152,0-1,17,7,2,5,1,6
hawk_unicorn,617,139,1-0,20,11,5,6,8,3
hawk_unicorn,618,127,1-0,12,4,0,4,3,1
hawk_unicorn,619,160,0-1,30,11,4,7,4,7
hawk_unicorn,620,177,1-0,6,4,1,3,3,1
hawk_unicorn,621,169,1-0,13,5,1,4,3,2
hawk_unicorn,622,259,1/2-1/2,0,2,0,2,1,1
hawk_unicorn,623,152,0-1,18,4,0,4,1,3
hawk_unicorn,624,105,1-0,20,10,6,4,8,2
hawk_unicorn,625,121,1-0,37,11,4,7,7,4
hawk_unicorn,626,184,1/2-1/2,10,4,0,4,2,2
hawk_unicorn,627,148,0-1,18,11,5,6,5,6
hawk_unicorn,628,377,1/2-1/2,4,5,1,4,3,2
hawk_unicorn,629,319,1/2-1/2,12,12,6,6,6,6
hawk_unicorn,630,106,1/2-1/2,2,4,2,2,2,2
hawk_unicorn,631,290,1/2-1/2,6,4,0,4,2,2
hawk_unicorn,632,131,1-0,20,6,1,5,5,1
hawk_unicorn,633,172,0-1,19,7,2,5,2,5
hawk_unicorn,634,139,1-0,16,9,4,5,6,3
hawk_unicorn,635,112,0-1,22,8,4,4,2,6
hawk_unicorn,636,171,1-0,9,3,0,3,2,1
hawk_unicorn,637,101,1-0,33,15,8,7,10,5
hawk_unicorn,638,162,0-1,22,8,4,4,2,6
hawk_unicorn,639,253,1-0,25,9,4,5,7,2
hawk_unicorn,640,182,1/2-1/2,10,4,0,4,2,2
hawk_unicorn,641,187,1-0,5,3,0,3,2,1
hawk_unicorn,642,86,1/2-1/2,32,19,10,9,10,9
hawk_unicorn,643,169,1-0,24,8,3,5,5,3
hawk_unicorn,644,135,1-0,20,8,3,5,6,2
hawk_unicorn,645,191,1-0,6,5,0,5,4,1
hawk_unicorn,646,142,0-1,4,4,1,3,1,3
hawk_unicorn,647,142,0-1,24,14,9,5,5,9
hawk_unicorn,648,211,1-0,19,5,1,4,4,1
hawk_unicorn,649,169,1-0,19,11,7,4,7,4
hawk_unicorn,650,148,0-1,16,6,2,4,1,5
hawk_unicorn,651,225,1/2-1/2,0,2,0,2,1,1
hawk_unicorn,652,151,1-0,14,6,2,4,5,1
hawk_unicorn,653,172,0-1,13,9,5,4,1,8
hawk_unicorn,654,179,1-0,15,5,1,4,4,1
hawk_unicorn,655,181,1-0,21,7,3,4,6,1
hawk_unicorn,656,117,1-0,19,7,2,5,6,1
hawk_unicorn,657,153,1-0,22,8,4,4,4,4
hawk_unicorn,658,125,1-0,31,11,5,6,9,2
hawk_unicorn,659,138,0-1,16,12,8,4,4,8
hawk_unicorn,660,161,1-0,16,6,2,4,5,1
hawk_unicorn,661,275,1-0,10,4,1,3,3,1
hawk_unicorn,662,151,1-0,12,4,0,4,3,1
hawk_unicorn,663,146,0-1,16,8,4,4,3,5
hawk_unicorn,664,145,1-0,18,9,3,6,8,1
hawk_unicorn,665,168,0-1,20,6,2,4,1,5
hawk_unicorn,666,197,1-0,15,5,1,4,4,1
hawk_unicorn,667,121,1-0,20,11,5,6,9,2
hawk_unicorn,668,167,1-0,13,5,1,4,4,1
hawk_unicorn,669,135,1-0,15,9,6,3,6,3
hawk_unicorn,670,282,1/2-1/2,0,2,0,2,1,1
hawk_unicorn,671,157,1-0,26,6,0,6,5,1
hawk_unicorn,672,193,1-0,13,5,1,4,4,1
hawk_unicorn,673,125,1/2-1/2,35,13,7,6,7,6
hawk_unicorn,674,138,1/2-1/2,24,10,6,4,5,5
hawk_unicorn,675,141,1-0,24,12,6,6,7,5
hawk_unicorn,676,121,1-0,10,6,2,4,5,1
hawk_unicorn,677,186,0-1,14,4,0,4,1,3
hawk_unicorn,678,161,1-0,21,7,2,5,6,1
hawk_unicorn,679,83,1-0,36,16,8,8,9,7
hawk_unicorn,680,139,1-0,10,6,2,4,4,2
hawk_unicorn,681,165,1-0,19,10,4,6,8,2
hawk_unicorn,682,275,1-0,6,4,0,4,3,1
hawk_unicorn,683,265,1/2-1/2,27,15,9,6,9,6
hawk_unicorn,684,136,0-1,15,7,3,4,1,6
hawk_unicorn,685,246,1/2-1/2,12,8,3,5,3,5
hawk_unicorn,686,105,1/2-1/2,14,8,4,4,4,4
hawk_unicorn,687,163,1-0,18,8,4,4,6,2
hawk_unicorn,688,115,1-0,23,7,2,5,4,3
hawk_unicorn,689,162,0-1,9,3,0,3,1,2
hawk_unicorn,690,145,1-0,20,6,2,4,5,1
hawk_unicorn,691,187,1-0,20,6,1,5,5,1
hawk_unicorn,692,131,1-0,13,6,1,5,5,1
hawk_unicorn,693,184,0-1,24,6,1,5,1,5
hawk_unicorn,694,93,1-0,32,14,9,5,8,6
hawk_unicorn,695,198,0-1,22,12,7,5,4,8
hawk_unicorn,696,172,0-1,9,3,0,3,1,2
hawk_unicorn,697,293,1/2-1/2,8,6,2,4,3,3
hawk_unicorn,698,425,1/2-1/2,0,2,0,2,1,1
hawk_unicorn,699,145,1-0,7,5,2,3,4,1
hawk_unicorn,700,100,1/2-1/2,20,10,4,6,4,6
hawk_unicorn,701,150,0-1,19,9,5,4,4,5
hawk_unicorn,702,162,0-1,13,5,1,4,2,3
hawk_unicorn,703,138,0-1,15,7,3,4,1,6
hawk_unicorn,704,140,0-1,17,9,5,4,3,6
hawk_unicorn,705,267,1/2-1/2,9,6,1,5,3,3
hawk_unicorn,706,102,0-1,21,15,10,5,5,10
hawk_unicorn,707,181,1-0,15,5,1,4,4,1
hawk_unicorn,708,137,1-0,28,13,5,8,9,4
hawk_unicorn,709,139,1-0,22,10,2,8,5,5
hawk_unicorn,710,146,0-1,20,6,2,4,1,5
hawk_unicorn,711,253,1/2-1/2,3,3,0,3,1,2
hawk_unicorn,712,105,1/2-1/2,33,11,3,8,6,5
hawk_unicorn,713,214,0-1,18,4,0,4,1,3
hawk_unicorn,714,128,1/2-1/2,14,8,4,4,4,4
hawk_unicorn,715,308,0-1,15,5,0,5,1,4
hawk_unicorn,716,153,1-0,8,6,3,3,5,1
hawk_unicorn,717,135,1-0,20,10,5,5,6,4
hawk_unicorn,718,181,1/2-1/2,12,6,2,4,3,3
hawk_unicorn,719,162,0-1,28,9,2,7,5,4
hawk_unicorn,720,92,0-1,20,14,9,5,4,10
hawk_unicorn,721,195,1-0,18,4,0,4,3,1
hawk_unicorn,722,126,0-1,27,13,7,6,5,8
hawk_unicorn,723,173,1-0,18,6,1,5,5,1
hawk_unicorn,724,156,0-1,16,6,2,4,2,4
hawk_unicorn,725,282,1/2-1/2,7,6,1,5,4,2
hawk_unicorn,726,276,1/2-1/2,15,11,6,5,5,6
hawk_unicorn,727,171,1-0,15,5,0,5,4,1
hawk_unicorn,728,101,1/2-1/2,48,21,11,10,11,10
hawk_unicorn,729,198,1/2-1/2,15,13,6,7,6,7
hawk_unicorn,730,175,1-0,18,9,3,6,7,2
hawk_unicorn,731,103,1-0,36,16,9,7,9,7
hawk_unicorn,732,174,0-1,14,4,0,4,1,3
hawk_unicorn,733,115,1-0,34,15,7,8,9,6
hawk_unicorn,734,165,1-0,15,5,1,4,4,1
hawk_unicorn,735,193,1/2-1/2,17,7,2,5,2,5
hawk_unicorn,736,293,1/2-1/2,3,3,0,3,2,1
hawk_unicorn,737,230,1/2-1/2,22,8,4,4,4,4
hawk_unicorn,738,108,0-1,23,9,5,4,3,6
hawk_unicorn,739,213,1-0,11,5,2,3,3,2
hawk_unicorn,740,151,1/2-1/2,13,9,5,4,5,4
hawk_unicorn,741,140,0-1,5,3,0,3,1,2
hawk_unicorn,742,97,1/2-1/2,18,12,8,4,6,6
hawk_unicorn,743,259,1/2-1/2,17,7,1,6,4,3
hawk_unicorn,744,163,1/2-1/2,10,8,4,4,3,5
hawk_unicorn,745,168,0-1,19,5,1,4,1,4
hawk_unicorn,746,120,1/2-1/2,11,5,1,4,2,3
hawk_unicorn,747,216,0-1,8,5,0,5,1,4
hawk_unicorn,748,146,0-1,18,4,0,4,1,3
hawk_unicorn,749,82,1/2-1/2,34,15,8,7,7,8
hawk_unicorn,750,188,0-1,22,8,4,4,3,5
hawk_unicorn,751,204,0-1,6,5,0,5,1,4
hawk_unicorn,752,267,1/2-1/2,3,3,0,3,2,1
hawk_unicorn,753,193,1-0,13,5,1,4,4,1
hawk_unicorn,754,123,1-0,12,9,4,5,8,1
hawk_unicorn,755,145,1-0,14,6,2,4,5,1
hawk_unicorn,756,196,0-1,18,8,4,4,2,6
hawk_unicorn,757,188,0-1,10,4,1,3,1,3
hawk_unicorn,758,111,1-0,25,11,7,4,7,4
hawk_unicorn,759,122,0-1,18,8,4,4,3,5
hawk_unicorn,760,121,1-0,19,9,4,5,6,3
hawk_unicorn,761,369,1-0,23,7,2,5,6,1
hawk_unicorn,762,252,1/2-1/2,21,7,3,4,4,3
hawk_unicorn,763,157,1-0,16,10,7,3,7,3
hawk_unicorn,764,151,1-0,14,7,2,5,6,1
hawk_unicorn,765,196,0-1,25,7,2,5,2,5
hawk_unicorn,766,142,0-1,13,7,4,3,2,5
hawk_unicorn,767,178,0-1,18,6,1,5,1,5
hawk_unicorn,768,154,0-1,24,8,3,5,2,6
hawk_unicorn,769,223,1-0,9,3,0,3,2,1
hawk_unicorn,770,105,1-0,14,10,6,4,8,2
hawk_unicorn,771,175,1-0,14,4,0,4,3,1
hawk_unicorn,772,145,1-0,19,7,2,5,5,2
hawk_unicorn,773,134,0-1,19,10,4,6,2,8
hawk_unicorn,774,170,1/2-1/2,14,8,4,4,4,4
hawk_unicorn,775,131,1-0,12,6,3,3,4,2
hawk_unicorn,776,174,0-1,15,7,3,4,2,5
hawk_unicorn,777,273,1/2-1/2,1,3,1,2,2,1
hawk_unicorn,778,149,1-0,13,9,5,4,6,3
hawk_unicorn,779,91,1/2-1/2,13,9,5,4,5,4
hawk_unicorn,780,137,1-0,12,6,3,3,5,1
hawk_unicorn,781,214,1/2-1/2,20,6,1,5,3,3
hawk_unicorn,782,119,1-0,20,10,5,5,8,2
hawk_unicorn,783,143,1-0,19,5,1,4,4,1
hawk_unicorn,784,425,1/2-1/2,23,13,8,5,7,6
hawk_unicorn,785,229,1-0,9,3,0,3,2,1
hawk_unicorn,786,220,0-1,23,9,4,5,3,6
hawk_unicorn,787,303,1/2-1/2,3,3,0,3,2,1
hawk_unicorn,788,147,1-0,7,5,2,3,4,1
hawk_unicorn,789,137,1-0,11,5,2,3,4,1
hawk_unicorn,790,195,1-0,10,4,1,3,3,1
hawk_unicorn,791,165,1-0,11,5,2,3,4,1
hawk_unicorn,792,144,1/2-1/2,24,14,8,6,7,7
hawk_unicorn,793,298,1/2-1/2,13,9,1,8,4,5
hawk_unicorn,794,107,1-0,22,11,5,6,8,3
hawk_unicorn,795,141,1-0,19,7,2,5,5,2
hawk_unicorn,796,333,1-0,21,13,9,4,9,4
hawk_unicorn,797,240,0-1,5,3,0,3,1,2
hawk_unicorn,798,151,1-0,13,5,1,4,4,1
hawk_unicorn,799,134,1/2-1/2,14,8,4,4,4,4
hawk_unicorn,800,177,1-0,14,4,0,4,3,1
hawk_unicorn,801,197,1/2-1/2,21,7,3,4,3,4
hawk_unicorn,802,90,0-1,22,12,7,5,4,8
hawk_unicorn,803,129,1/2-1/2,25,16,9,7,8,8
hawk_unicorn,804,161,1-0,19,5,1,4,4,1
hawk_unicorn,805,163,1-0,16,6,1,5,5,1
hawk_unicorn,806,211,1-0,5,3,0,3,2,1
hawk_unicorn,807,111,1-0,25,11,5,6,7,4
hawk_unicorn,808,165,1-0,23,9,5,4,6,3
hawk_unicorn,809,139,1/2-1/2,28,13,5,8,7,6
hawk_unicorn,810,262,0-1,9,3,0,3,1,2
hawk_unicorn,811,263,1/2-1/2,3,3,0,3,1,2
hawk_unicorn,812,137,1-0,19,5,1,4,4,1
hawk_unicorn,813,177,1-0,18,4,0,4,3,1
hawk_unicorn,814,133,1-0,14,8,5,3,7,1
hawk_unicorn,815,149,1-0,11,7,2,5,5,2
hawk_unicorn,816,114,0-1,25,9,4,5,3,6
hawk_unicorn,817,164,1/2-1/2,7,9,7,2,4,5
hawk_unicorn,818,255,1/2-1/2,3,3,0,3,1,2
hawk_unicorn,819,178,0-1,20,6,2,4,1,5
hawk_unicorn,820,166,0-1,18,4,0,4,1,3
hawk_unicorn,821,169,1-0,12,8,4,4,7,1
hawk_unicorn,822,250,1/2-1/2,7,5,1,4,3,2
hawk_unicorn,823,98,1/2-1/2,27,16,8,8,8,8
hawk_unicorn,824,143,1-0,13,5,1,4,4,1
hawk_unicorn,825,162,0-1,17,6,0,6,1,5
hawk_unicorn,826,233,1-0,17,5,0,5,4,1
hawk_unicorn,827,113,1-0,26,10,5,5,8,2
hawk_unicorn,828,143,1-0,16,6,2,4,4,2
hawk_unicorn,829,186,0-1,20,6,2,4,1,5
hawk_unicorn,830,106,1/2-1/2,26,15,9,6,9,6
hawk_unicorn,831,136,0-1,14,8,5,3,3,5
hawk_unicorn,832,195,1-0,15,7,3,4,4,3
hawk_unicorn,833,273,1/2-1/2,14,7,2,5,2,5
hawk_unicorn,834,236,0-1,20,10,6,4,3,7
hawk_unicorn,835,183,1-0,6,4,1,3,3,1
hawk_unicorn,836,127,1-0,24,10,5,5,6,4
hawk_unicorn,837,332,1/2-1/2,9,5,1,4,3,2
hawk_unicorn,838,177,1-0,18,4,0,4,3,1
hawk_unicorn,839,192,1/2-1/2,16,13,8,5,7,6
hawk_unicorn,840,115,1-0,22,8,4,4,7,1
hawk_unicorn,841,175,1-0,14,4,0,4,3,1
hawk_unicorn,842,227,1-0,22,12,6,6,7,5
hawk_unicorn,843,104,0-1,19,9,5,4,2,7
hawk_unicorn,844,118,0-1,28,14,8,6,7,7
hawk_unicorn,845,137,1/2-1/2,10,4,0,4,3,1
hawk_unicorn,846,171,1-0,15,7,3,4,6,1
hawk_unicorn,847,157,1-0,20,6,2,4,5,1
hawk_unicorn,848,192,1/2-1/2,6,6,0,6,3,3
hawk_unicorn,849,202,1/2-1/2,11,5,1,4,3,2
hawk_unicorn,850,198,0-1,24,6,1,5,1,5
hawk_unicorn,851,164,0-1,9,5,1,4,1,4
hawk_unicorn,852,127,1-0,10,4,1,3,3,1
hawk_unicorn,853,295,1/2-1/2,0,2,0,2,1,1
hawk_unicorn,854,164,0-1,19,7,2,5,1,6
hawk_unicorn,855,203,1-0,15,7,3,4,6,1
hawk_unicorn,856,159,1-0,8,6,3,3,5,1
hawk_unicorn,857,220,0-1,24,7,0,7,1,6
hawk_unicorn,858,111,1-0,12,9,4,5,8,1
hawk_unicorn,859,186,0-1,20,9,2,7,4,5
hawk_unicorn,860,237,1-0,12,4,0,4,3,1
hawk_unicorn,861,153,1-0,11,5,2,3,4,1
hawk_unicorn,862,162,1/2-1/2,4,6,4,2,3,3
hawk_unicorn,863,250,0-1,17,9,5,4,3,6
hawk_unicorn,864,209,1-0,21,7,3,4,6,1
hawk_unicorn,865,257,1/2-1/2,11,5,1,4,3,2
hawk_unicorn,866,467,1/2-1/2,8,4,0,4,2,2
hawk_unicorn,867,141,1-0,16,8,4,4,6,2
hawk_unicorn,868,172,0-1,14,6,2,4,2,4
hawk_unicorn,869,202,0-1,11,5,2,3,1,4
hawk_unicorn,870,107,1-0,30,16,10,6,9,7
hawk_unicorn,871,119,1-0,15,7,3,4,5,2
hawk_unicorn,872,295,1-0,16,7,1,6,6,1
hawk_unicorn,873,137,1-0,17,5,0,5,4,1
hawk_unicorn,874,125,1-0,29,15,10,5,11,4
hawk_unicorn,875,98,0-1,31,16,8,8,7,9
hawk_unicorn,876,196,0-1,15,5,0,5,1,4
hawk_unicorn,877,131,1-0,15,5,1,4,4,1
hawk_unicorn,878,132,0-1,23,9,5,4,3,6
hawk_unicorn,879,60,1/2-1/2,27,17,8,9,9,8
hawk_unicorn,880,176,0-1,16,8,4,4,3,5
hawk_unicorn,881,108,1/2-1/2,12,10,6,4,5,5
hawk_unicorn,882,137,1-0,11,5,2,3,4,1
hawk_unicorn,883,128,0-1,24,10,6,4,3,7
hawk_unicorn,884,142,0-1,23,7,2,5,1,6
hawk_unicorn,885,202,0-1,14,6,2,4,1,5
hawk_unicorn,886,172,0-1,15,5,1,4,1,4
hawk_unicorn,887,139,1-0,19,7,2,5,6,1
hawk_unicorn,888,168,0-1,19,11,7,4,3,8
hawk_unicorn,889,216,0-1,16,6,1,5,1,5
hawk_unicorn,890,179,1-0,17,5,0,5,4,1
hawk_unicorn,891,215,1-0,9,3,0,3,2,1
hawk_unicorn,892,203,1/2-1/2,20,14,10,4,7,7
hawk_unicorn,893,79,1/2-1/2,30,15,7,8,7,8
hawk_unicorn,894,189,1-0,9,3,0,3,2,1
hawk_unicorn,895,159,1-0,18,9,3,6,6,3
hawk_unicorn,896,130,0-1,19,12,6,6,5,7
hawk_unicorn,897,290,0-1,20,6,2,4,2,4
hawk_unicorn,898,205,1-0,21,5,0,5,4,1
hawk_unicorn,899,184,1/2-1/2,2,4,2,2,2,2
hawk_unicorn,900,156,0-1,9,3,0,3,1,2
hawk_unicorn,901,258,1/2-1/2,32,15,8,7,8,7
hawk_unicorn,902,115,1-0,13,9,5,4,6,3
hawk_unicorn,903,143,1-0,18,9,3,6,8,1
hawk_unicorn,904,187,1-0,13,6,1,5,5,1
hawk_unicorn,905,137,1/2-1/2,20,8,3,5,4,4
hawk_unicorn,906,155,1-0,16,6,2,4,3,3
hawk_unicorn,907,116,0-1,25,15,10,5,6,9
hawk_unicorn,908,125,1-0,19,5,1,4,4,1
hawk_unicorn,909,204,1/2-1/2,0,2,0,2,1,1
hawk_unicorn,910,127,1/2-1/2,48,18,9,9,10,8
hawk_unicorn,911,130,0-1,13,7,4,3,1,6
hawk_unicorn,912,60,1/2-1/2,69,29,13,16,15,14
hawk_unicorn,913,124,0-1,14,6,2,4,1,5
hawk_unicorn,914,265,1/2-1/2,8,4,0,4,2,2
hawk_unicorn,915,289,1-0,22,6,1,5,4,2
hawk_unicorn,916,291,1/2-1/2,18,11,4,7,6,5
hawk_unicorn,917,121,1-0,20,6,2,4,5,1
hawk_unicorn,918,170,0-1,18,4,0,4,1,3
hawk_unicorn,919,199,1-0,21,5,0,5,4,1
hawk_unicorn,920,157,1-0,8,4,0,4,3,1
hawk_unicorn,921,180,0-1,16,7,1,6,1,6
hawk_unicorn,922,171,1-0,10,4,1,3,3,1
hawk_unicorn,923,140,0-1,14,6,2,4,2,4
hawk_unicorn,924,192,0-1,8,5,0,5,1,4
hawk_unicorn,925,97,1/2-1/2,13,10,5,5,5,5
hawk_unicorn,926,201,1-0,15,5,1,4,4,1
hawk_unicorn,927,163,1-0,13,7,4,3,5,2
hawk_unicorn,928,248,0-1,20,6,2,4,2,4
hawk_unicorn,929,141,1-0,29,13,8,5,8,5
hawk_unicorn,930,159,1-0,9,3,0,3,2,1
hawk_unicorn,931,86,0-1,23,13,9,4,5,8
hawk_unicorn,932,154,0-1,21,7,3,4,1,6
hawk_unicorn,933,228,0-1,16,6,1,5,1,5
hawk_unicorn,934,181,1/2-1/2,21,13,7,6,6,7
hawk_unicorn,935,147,1-0,7,5,2,3,4,1
hawk_unicorn,936,147,1-0,22,8,3,5,7,1
hawk_unicorn,937,136,0-1,15,8,3,5,2,6
hawk_unicorn,938,139,1-0,19,7,2,5,5,2
hawk_unicorn,939,225,1-0,9,3,0,3,2,1
hawk_unicorn,940,137,1/2-1/2,24,10,4,6,5,5
hawk_unicorn,941,143,1/2-1/2,14,12,8,4,6,6
hawk_unicorn,942,180,0-1,10,4,1,3,1,3
hawk_unicorn,943,77,1-0,23,11,6,5,7,4
hawk_unicorn,944,95,1/2-1/2,31,15,4,11,8,7
hawk_unicorn,945,186,0-1,15,6,0,6,1,5
hawk_unicorn,946,225,1-0,23,9,3,6,6,3
hawk_unicorn,947,170,0-1,14,6,2,4,1,5
hawk_unicorn,948,389,1/2-1/2,0,2,0,2,1,1
hawk_unicorn,949,275,1-0,9,3,0,3,2,1
hawk_unicorn,950,135,1-0,23,9,5,4,6,3
hawk_unicorn,951,379,1/2-1/2,3,4,0,4,1,3
hawk_unicorn,952,162,0-1,17,8,2,6,1,7
hawk_unicorn,953,216,1/2-1/2,11,8,2,6,4,4
hawk_unicorn,954,144,0-1,11,5,2,3,1,4
hawk_unicorn,955,142,0-1,11,5,2,3,1,4
hawk_unicorn,956,277,1-0,9,3,0,3,2,1
hawk_unicorn,957,240,1/2-1/2,15,9,5,4,4,5
hawk_unicorn,958,259,1-0,15,7,3,4,5,2
hawk_unicorn,959,131,1-0,11,5,1,4,4,1
hawk_unicorn,960,143,1-0,20,8,3,5,5,3
hawk_unicorn,961,193,1-0,15,7,3,4,6,1
hawk_unicorn,962,125,1-0,21,7,3,4,6,1
hawk_unicorn,963,116,0-1,21,14,7,7,7,7
hawk_unicorn,964,119,1-0,10,8,4,4,7,1
hawk_unicorn,965,139,1/2-1/2,35,13,7,6,6,7
hawk_unicorn,966,427,1/2-1/2,6,4,0,4,2,2
hawk_unicorn,967,144,0-1,29,7,0,7,2,5
hawk_unicorn,968,129,1-0,23,8,2,6,7,1
hawk_unicorn,969,137,1-0,16,9,4,5,7,2
hawk_unicorn,970,164,0-1,12,4,0,4,1,3
hawk_unicorn,971,127,1-0,19,5,1,4,3,2
hawk_unicorn,972,60,1/2-1/2,60,24,10,14,14,10
hawk_unicorn,973,143,1-0,16,8,4,4,6,2
hawk_unicorn,974,294,1/2-1/2,0,2,0,2,1,1
hawk_unicorn,975,147,1-0,14,7,2,5,6,1
hawk_unicorn,976,87,1/2-1/2,38,20,12,8,10,10
hawk_unicorn,977,146,0-1,19,7,2,5,2,5
hawk_unicorn,978,141,1-0,14,6,1,5,5,1
hawk_unicorn,979,89,1/2-1/2,23,12,6,6,6,6
hawk_unicorn,980,63,1/2-1/2,38,21,11,10,10,11
hawk_unicorn,981,140,0-1,20,6,2,4,1,5
hawk_unicorn,982,176,0-1,17,5,0,5,1,4
hawk_unicorn,983,121,1-0,20,6,2,4,4,2
hawk_unicorn,984,151,1-0,20,6,2,4,4,2
hawk_unicorn,985,194,0-1,5,3,0,3,1,2
hawk_unicorn,986,436,1/2-1/2,10,7,1,6,3,4
hawk_unicorn,987,145,1-0,10,6,2,4,5,1
hawk_unicorn,988,198,0-1,5,3,0,3,1,2
hawk_unicorn,989,150,0-1,5,3,0,3,1,2
hawk_unicorn,990,148,0-1,23,7,2,5,2,5
hawk_unicorn,991,156,1/2-1/2,10,7,2,5,3,4
hawk_unicorn,992,60,1/2-1/2,58,24,12,12,12,12
hawk_unicorn,993,145,1-0,17,7,2,5,4,3
hawk_unicorn,994,60,1/2-1/2,58,22,11,11,10,12
hawk_unicorn,995,118,0-1,17,9,5,4,4,5
hawk_unicorn,996,189,1/2-1/2,15,7,2,5,4,3
hawk_unicorn,997,136,0-1,20,6,2,4,2,4
hawk_unicorn,998,269,1/2-1/2,19,5,1,4,2,3
hawk_unicorn,999,581,1/2-1/2,8,6,2,4,3,3
hawk_unicorn,1000,137,1-0,12,6,3,3,5,1
hawk_unicorn,1001,222,0-1,18,4,0,4,1,3
hawk_unicorn,1002,118,0-1,21,11,6,5,4,7
hawk_unicorn,1003,415,1/2-1/2,14,10,6,4,4,6
hawk_unicorn,1004,158,0-1,19,5,1,4,1,4
hawk_unicorn,1005,389,1/2-1/2,38,20,12,8,10,10
hawk_unicorn,1006,410,1/2-1/2,10,8,4,4,4,4
hawk_unicorn,1007,174,0-1,19,5,1,4,1,4
hawk_unicorn,1008,253,1-0,16,8,4,4,5,3
hawk_unicorn,1009,123,1-0,26,8,3,5,6,2
hawk_unicorn,1010,161,1-0,22,8,4,4,5,3
hawk_unicorn,1011,211,1-0,9,3,0,3,2,1
hawk_unicorn,1012,131,1-0,19,7,2,5,6,1
hawk_unicorn,1013,145,1-0,17,7,3,4,5,2
hawk_unicorn,1014,161,1-0,16,6,2,4,5,1
hawk_unicorn,1015,147,1-0,32,10,4,6,5,5
hawk_unicorn,1016,206,0-1,12,4,0,4,1,3
hawk_unicorn,1017,153,1-0,15,5,0,5,4,1
hawk_unicorn,1018,153,1-0,21,7,3,4,6,1
hawk_unicorn,1019,152,0-1,16,6,2,4,2,4
hawk_unicorn,1020,172,1/2-1/2,34,19,11,8,9,10
hawk_unicorn,1021,183,1-0,15,7,3,4,5,2
hawk_unicorn,1022,250,0-1,10,6,2,4,2,4
hawk_unicorn,1023,169,1-0,31,11,5,6,8,3
hawk_unicorn,1024,275,1-0,13,5,1,4,3,2
hawk_unicorn,1025,149,1-0,27,9,3,6,6,3
hawk_unicorn,1026,100,0-1,19,12,5,7,3,9
hawk_unicorn,1027,274,1/2-1/2,9,6,1,5,2,4
hawk_unicorn,1028,116,1/2-1/2,12,6,2,4,3,3
hawk_unicorn,1029,164,0-1,11,5,2,3,1,4
hawk_unicorn,1030,184,0-1,10,4,1,3,1,3
hawk_unicorn,1031,216,1/2-1/2,11,5,1,4,2,3
hawk_unicorn,1032,171,1-0,19,5,1,4,4,1
hawk_unicorn,1033,140,1/2-1/2,10,10,4,6,5,5
hawk_unicorn,1034,171,1-0,11,5,2,3,4,1
hawk_unicorn,1035,152,0-1,14,4,0,4,1,3
hawk_unicorn,1036,154,0-1,22,8,4,4,3,5
hawk_unicorn,1037,133,1-0,16,10,7,3,6,4
hawk_unicorn,1038,117,1-0,17,10,3,7,9,1
hawk_unicorn,1039,169,1-0,22,6,1,5,4,2
hawk_unicorn,1040,175,1/2-1/2,18,4,0,4,2,2
hawk_unicorn,1041,191,1-0,12,4,0,4,3,1
hawk_unicorn,1042,146,0-1,11,5,2,3,1,4
hawk_unicorn,1043,300,1/2-1/2,8,4,0,4,2,2
hawk_unicorn,1044,208,0-1,13,5,1,4,1,4
hawk_unicorn,1045,95,1-0,46,16,7,9,9,7
hawk_unicorn,1046,175,1-0,13,10,4,6,8,2
hawk_unicorn,1047,114,0-1,18,8,4,4,2,6
hawk_unicorn,1048,150,0-1,21,11,6,5,5,6
hawk_unicorn,1049,147,1-0,10,4,1,3,3,1
hawk_unicorn,1050,168,0-1,21,7,3,4,1,6
hawk_unicorn,1051,169,1-0,13,7,4,3,5,2
hawk_unicorn,1052,221,1-0,20,6,2,4,4,2
hawk_unicorn,1053,113,1-0,15,9,5,4,6,3
hawk_unicorn,1054,177,1/2-1/2,29,14,6,8,6,8
hawk_unicorn,1055,149,1-0,9,6,1,5,5,1
hawk_unicorn,1056,213,1-0,9,3,0,3,2,1
hawk_unicorn,1057,266,1/2-1/2,6,4,0,4,2,2
hawk_unicorn,1058,163,1/2-1/2,9,3,0,3,2,1
hawk_unicorn,1059,122,1/2-1/2,41,15,7,8,8,7
hawk_unicorn,1060,109,1-0,23,9,5,4,6,3
hawk_unicorn,1061,148,0-1,11,5,2,3,1,4
hawk_unicorn,1062,135,1-0,23,9,5,4,6,3
hawk_unicorn,1063,83,1-0,36,20,9,11,12,8
hawk_unicorn,1064,190,0-1,9,3,0,3,1,2
hawk_unicorn,1065,182,0-1,20,10,6,4,4,6
hawk_unicorn,1066,199,1-0,19,5,1,4,4,1
hawk_unicorn,1067,69,1/2-1/2,51,21,11,10,10,11
hawk_unicorn,1068,136,0-1,12,8,4,4,1,7
hawk_unicorn,1069,408,0-1,13,5,1,4,1,4
hawk_unicorn,1070,110,0-1,18,14,10,4,6,8
hawk_unicorn,1071,276,0-1,33,7,0,7,2,5
hawk_unicorn,1072,228,0-1,9,3,0,3,1,2
hawk_unicorn,1073,264,1/2-1/2,0,2,0,2,1,1
hawk_unicorn,1074,87,1-0,20,13,8,5,9,4
hawk_unicorn,1075,140,0-1,11,11,5,6,2,9
hawk_unicorn,1076,119,1-0,25,9,4,5,5,4
hawk_unicorn,1077,137,1-0,21,7,3,4,6,1
hawk_unicorn,1078,60,1/2-1/2,77,31,12,19,15,16
hawk_unicorn,1079,151,1-0,19,13,10,3,7,6
hawk_unicorn,1080,288,0-1,20,8,3,5,2,6
hawk_unicorn,1081,141,1-0,20,6,2,4,5,1
hawk_unicorn,1082,138,0-1,8,6,3,3,2,4
hawk_unicorn,1083,150,0-1,18,6,1,5,1,5
hawk_unicorn,1084,205,1-0,19,8,2,6,7,1
hawk_unicorn,1085,125,1-0,25,11,7,4,7,4
hawk_unicorn,1086,154,1/2-1/2,35,19,11,8,9,10
hawk_unicorn,1087,123,1-0,13,7,3,4,6,1
hawk_unicorn,1088,121,1-0,18,8,4,4,6,2
hawk_unicorn,1089,61,1-0,24,16,10,6,9,7
hawk_unicorn,1090,163,1-0,6,4,1,3,3,1
hawk_unicorn,1091,165,1-0,20,10,6,4,6,4
hawk_unicorn,1092,127,1/2-1/2,21,11,5,6,6,5
hawk_unicorn,1093,60,1/2-1/2,51,24,10,14,12,12
hawk_unicorn,1094,149,1-0,15,7,3,4,6,1
hawk_unicorn,1095,200,0-1,12,4,0,4,1,3
hawk_unicorn,1096,155,1-0,8,4,0,4,3,1
hawk_unicorn,1097,138,0-1,22,12,7,5,3,9
hawk_unicorn,1098,231,1/2-1/2,0,2,0,2,1,1
hawk_unicorn,1099,173,1-0,5,3,0,3,2,1
hawk_unicorn,1100,160,0-1,24,8,3,5,2,6
hawk_unicorn,1101,137,1-0,14,8,5,3,6,2
hawk_unicorn,1102,145,1-0,26,10,4,6,6,4
hawk_unicorn,1103,66,1/2-1/2,58,22,11,11,11,11
hawk_unicorn,1104,193,1-0,9,3,0,3,2,1
hawk_unicorn,1105,79,1/2-1/2,38,18,11,7,8,10
hawk_unicorn,1106,137,1-0,14,6,2,4,4,2
hawk_unicorn,1107,174,0-1,12,4,0,4,1,3
hawk_unicorn,1108,137,1-0,16,9,4,5,7,2
hawk_unicorn,1109,189,1-0,13,6,1,5,5,1
hawk_unicorn,1110,227,1-0,10,4,1,3,3,1
hawk_unicorn,1111,301,1-0,9,3,0,3,2,1
hawk_unicorn,1112,197,1-0,13,5,1,4,4,1
hawk_unicorn,1113,344,1/2-1/2,3,3,0,3,1,2
hawk_unicorn,1114,187,1-0,12,7,1,6,6,1
hawk_unicorn,1115,198,0-1,12,4,0,4,1,3
hawk_unicorn,1116,109,1-0,21,11,7,4,6,5
hawk_unicorn,1117,209,1/2-1/2,6,4,0,4,2,2
hawk_unicorn,1118,121,1/2-1/2,33,15,9,6,8,7
hawk_unicorn,1119,171,1-0,17,5,0,5,4,1
hawk_unicorn,1120,273,1-0,25,11,5,6,5,6
hawk_unicorn,1121,143,1/2-1/2,22,10,4,6,5,5
hawk_unicorn,1122,238,0-1,9,6,0,6,1,5
hawk_unicorn,1123,292,1/2-1/2,8,4,0,4,2,2
hawk_unicorn,1124,174,0-1,20,6,2,4,1,5
hawk_unicorn,1125,231,1-0,5,3,0,3,2,1
hawk_unicorn,1126,162,1/2-1/2,6,4,0,4,2,2
hawk_unicorn,1127,114,0-1,16,11,5,6,3,8
hawk_unicorn,1128,198,0-1,9,3,0,3,1,2
hawk_unicorn,1129,153,1-0,16,6,2,4,4,2
hawk_unicorn,1130,177,1-0,20,6,2,4,5,1
hawk_unicorn,1131,157,1-0,14,6,2,4,4,2
hawk_unicorn,1132,161,1-0,17,7,3,4,6,1
hawk_unicorn,1133,153,1-0,17,9,4,5,8,1
hawk_unicorn,1134,149,1-0,10,7,2,5,6,1
hawk_unicorn,1135,97,1-0,18,10,6,4,6,4
hawk_unicorn,1136,116,0-1,21,7,3,4,1,6
hawk_unicorn,1137,120,0-1,24,10,6,4,3,7
hawk_unicorn,1138,147,1-0,10,8,4,4,7,1
hawk_unicorn,1139,145,1-0,21,7,3,4,5,2
hawk_unicorn,1140,122,1/2-1/2,31,13,6,7,6,7
hawk_unicorn,1141,168,0-1,13,5,1,4,1,4
hawk_unicorn,1142,132,1/2-1/2,30,12,5,7,5,7
hawk_unicorn,1143,101,1/2-1/2,24,10,4,6,5,5
hawk_unicorn,1144,156,0-1,15,5,1,4,1,4
hawk_unicorn,1145,282,1/2-1/2,3,3,0,3,1,2
hawk_unicorn,1146,135,1-0,7,5,2,3,4,1
hawk_unicorn,1147,139,1-0,19,5,1,4,4,1
hawk_unicorn,1148,89,1-0,45,20,9,11,11,9
hawk_unicorn,1149,97,1-0,17,7,3,4,5,2
hawk_unicorn,1150,255,1/2-1/2,8,6,2,4,3,3
hawk_unicorn,1151,109,1/2-1/2,26,12,8,4,6,6
hawk_unicorn,1152,179,1-0,13,6,1,5,4,2
hawk_unicorn,1153,182,0-1,10,4,1,3,2,2
hawk_unicorn,1154,140,0-1,20,8,3,5,2,6
hawk_unicorn,1155,154,0-1,22,6,1,5,1,5
hawk_unicorn,1156,125,1-0,12,9,4,5,7,2
hawk_unicorn,1157,117,1-0,22,8,4,4,6,2
hawk_unicorn,1158,186,0-1,13,5,1,4,1,4
hawk_unicorn,1159,156,0-1,13,5,1,4,1,4
hawk_unicorn,1160,177,1-0,13,5,1,4,4,1
hawk_unicorn,1161,149,1/2-1/2,24,16,8,8,7,9
hawk_unicorn,1162,135,1-0,19,8,1,7,6,2
hawk_unicorn,1163,328,0-1,19,9,4,5,2,7
hawk_unicorn,1164,373,1/2-1/2,17,5,0,5,3,2
hawk_unicorn,1165,119,1-0,14,8,4,4,6,2
hawk_unicorn,1166,184,0-1,14,4,0,4,1,3
hawk_unicorn,1167,168,0-1,11,5,2,3,2,3
hawk_unicorn,1168,157,1-0,14,4,0,4,3,1
hawk_unicorn,1169,91,1-0,18,11,6,5,9,2
hawk_unicorn,1170,149,1-0,14,6,2,4,5,1
hawk_unicorn,1171,179,1-0,19,5,1,4,4,1
hawk_unicorn,1172,157,1-0,9,3,0,3,2,1
hawk_unicorn,1173,175,1-0,19,5,1,4,4,1
hawk_unicorn,1174,347,1/2-1/2,12,10,6,4,5,5
hawk_unicorn,1175,135,1-0,15,5,1,4,4,1
hawk_unicorn,1176,114,0-1,11,7,3,4,1,6
hawk_unicorn,1177,124,0-1,8,6,3,3,1,5
hawk_unicorn,1178,131,1-0,20,6,2,4,4,2
hawk_unicorn,1179,194,0-1,15,7,3,4,2,5
hawk_unicorn,1180,170,0-1,13,5,1,4,1,4
hawk_unicorn,1181,140,0-1,19,5,1,4,2,3
hawk_unicorn,1182,234,0-1,16,6,2,4,1,5
hawk_unicorn,1183,166,0-1,25,7,1,6,2,5
hawk_unicorn,1184,125,1-0,16,10,5,5,9,1
hawk_unicorn,1185,232,0-1,18,6,1,5,2,4
hawk_unicorn,1186,185,1-0,15,5,1,4,3,2
hawk_unicorn,1187,193,1-0,19,5,1,4,4,1
hawk_unicorn,1188,203,1-0,18,4,0,4,3,1
hawk_unicorn,1189,341,1/2-1/2,3,3,0,3,2,1
hawk_unicorn,1190,149,1-0,23,9,5,4,7,2
hawk_unicorn,1191,149,1-0,17,7,3,4,6,1
hawk_unicorn,1192,133,1-0,10,6,2,4,5,1
hawk_unicorn,1193,303,1/2-1/2,0,2,0,2,1,1
hawk_unicorn,1194,169,1-0,16,6,1,5,5,1
hawk_unicorn,1195,218,0-1,19,5,1,4,1,4
hawk_unicorn,1196,143,1-0,12,6,2,4,5,1
hawk_unicorn,1197,279,1/2-1/2,0,2,0,2,1,1
hawk_unicorn,1198,166,0-1,21,7,3,4,2,5
hawk_unicorn,1199,174,0-1,15,5,1,4,1,4
hawk_unicorn,1200,173,1-0,19,5,1,4,4,1
hawk_unicorn,1201,129,1-0,18,8,4,4,6,2
hawk_unicorn,1202,183,1-0,13,5,1,4,4,1
hawk_unicorn,1203,155,1-0,28,6,0,6,4,2
hawk_unicorn,1204,166,0-1,13,10,5,5,3,7
hawk_unicorn,1205,167,1-0,15,5,0,5,4,1
hawk_unicorn,1206,178,0-1,19,5,1,4,1,4
hawk_unicorn,1207,126,0-1,18,10,5,5,2,8
hawk_unicorn,1208,127,1-0,15,7,3,4,5,2
hawk_unicorn,1209,336,1/2-1/2,19,5,1,4,2,3
hawk_unicorn,1210,167,1/2-1/2,19,7,2,5,5,2
hawk_unicorn,1211,165,1-0,11,5,2,3,4,1
hawk_unicorn,1212,152,1/2-1/2,14,8,2,6,4,4
hawk_unicorn,1213,145,1-0,19,7,2,5,6,1
hawk_unicorn,1214,169,1-0,24,6,1,5,5,1
hawk_unicorn,1215,115,1-0,21,12,6,6,9,3
hawk_unicorn,1216,208,0-1,17,5,0,5,1,4
hawk_unicorn,1217,192,0-1,9,5,1,4,1,4
hawk_unicorn,1218,150,0-1,18,8,3,5,2,6
hawk_unicorn,1219,195,1-0,13,5,1,4,4,1
hawk_unicorn,1220,148,1/2-1/2,28,10,4,6,5,5
hawk_unicorn,1221,171,1/2-1/2,24,10,3,7,5,5
hawk_unicorn,1222,255,1-0,3,4,0,4,3,1
hawk_unicorn,1223,185,1-0,31,7,0,7,5,2
hawk_unicorn,1224,175,1-0,15,5,1,4,4,1
hawk_unicorn,1225,148,0-1,27,11,5,6,5,6
hawk_unicorn,1226,205,1-0,4,5,1,4,4,1
hawk_unicorn,1227,97,1/2-1/2,17,9,3,6,4,5
hawk_unicorn,1228,280,0-1,18,4,0,4,1,3
hawk_unicorn,1229,150,0-1,24,9,3,6,2,7
hawk_unicorn,1230,138,0-1,22,6,1,5,1,5
hawk_unicorn,1231,97,1/2-1/2,18,12,6,6,7,5
hawk_unicorn,1232,111,1-0,31,12,4,8,8,4
hawk_unicorn,1233,171,1/2-1/2,24,14,8,6,7,7
hawk_unicorn,1234,164,0-1,22,8,3,5,3,5
hawk_unicorn,1235,77,1-0,34,17,9,8,13,4
hawk_unicorn,1236,277,1/2-1/2,9,6,1,5,3,3
hawk_unicorn,1237,127,1-0,22,11,5,6,8,3
hawk_unicorn,1238,60,1/2-1/2,53,21,7,14,11,10
hawk_unicorn,1239,285,1/2-1/2,3,3,0,3,2,1
hawk_unicorn,1240,294,1/2-1/2,11,5,0,5,2,3
hawk_unicorn,1241,117,1-0,23,16,11,5,11,5
hawk_unicorn,1242,229,1-0,6,5,0,5,4,1
hawk_unicorn,1243,95,1/2-1/2,10,7,2,5,4,3
hawk_unicorn,1244,161,1-0,20,15,9,6,8,7
hawk_unicorn,1245,151,1/2-1/2,35,18,10,8,8,10
hawk_unicorn,1246,105,1-0,26,13,6,7,9,4
hawk_unicorn,1247,224,1/2-1/2,33,9,3,6,4,5
hawk_unicorn,1248,151,1-0,16,8,4,4,6,2
hawk_unicorn,1249,115,1-0,21,9,4,5,6,3
hawk_unicorn,1250,151,1-0,15,5,1,4,4,1
hawk_unicorn,1251,239,1/2-1/2,6,4,0,4,2,2
hawk_unicorn,1252,118,0-1,26,14,9,5,4,10
hawk_unicorn,1253,205,1-0,8,4,0,4,3,1
hawk_unicorn,1254,155,1-0,17,8,2,6,5,3
hawk_unicorn,1255,142,1/2-1/2,33,15,7,8,8,7
hawk_unicorn,1256,179,1-0,14,4,0,4,3,1
hawk_unicorn,1257,171,1-0,10,4,1,3,3,1
hawk_unicorn,1258,155,1-0,15,5,0,5,4,1
hawk_unicorn,1259,309,1/2-1/2,3,3,0,3,1,2
hawk_unicorn,1260,151,1-0,18,8,4,4,6,2
hawk_unicorn,1261,129,1-0,19,11,7,4,8,3
hawk_unicorn,1262,162,0-1,17,9,5,4,3,6
hawk_unicorn,1263,121,1-0,12,8,4,4,7,1
hawk_unicorn,1264,133,1-0,19,7,2,5,6,1
hawk_unicorn,1265,167,1/2-1/2,23,9,3,6,5,4
hawk_unicorn,1266,333,1/2-1/2,0,2,0,2,1,1
hawk_unicorn,1267,224,0-1,14,6,2,4,2,4
hawk_unicorn,1268,97,1-0,24,12,7,5,8,4
hawk_unicorn,1269,201,1-0,16,9,4,5,5,4
hawk_unicorn,1270,215,1-0,14,4,0,4,3,1
hawk_unicorn,1271,152,0-1,25,7,2,5,3,4
hawk_unicorn,1272,149,1-0,26,8,3,5,6,2
hawk_unicorn,1273,97,1-0,25,11,5,6,7,4
hawk_unicorn,1274,247,1-0,18,4,0,4,3,1
hawk_unicorn,1275,281,1/2-1/2,17,6,0,6,2,4
hawk_unicorn,1276,141,1-0,13,7,3,4,6,1
hawk_unicorn,1277,139,1-0,12,6,3,3,4,2
hawk_unicorn,1278,60,1/2-1/2,58,23,11,12,12,11
hawk_unicorn,1279,127,1-0,12,6,3,3,4,2
hawk_unicorn,1280,174,1/2-1/2,11,5,1,4,2,3
hawk_unicorn,1281,127,1-0,21,11,7,4,7,4
hawk_unicorn,1282,180,0-1,20,6,2,4,1,5
hawk_unicorn,1283,219,1-0,12,4,0,4,3,1
hawk_unicorn,1284,195,1-0,15,6,0,6,5,1
hawk_unicorn,1285,167,1-0,20,6,2,4,5,1
hawk_unicorn,1286,233,1-0,9,3,0,3,2,1
hawk_unicorn,1287,344,0-1,5,3,0,3,1,2
hawk_unicorn,1288,162,0-1,18,6,1,5,1,5
hawk_unicorn,1289,81,1-0,19,14,8,6,10,4
hawk_unicorn,1290,186,0-1,5,3,0,3,1,2
hawk_unicorn,1291,273,1/2-1/2,0,2,0,2,1,1
hawk_unicorn,1292,155,1-0,15,7,3,4,4,3
hawk_unicorn,1293,133,1-0,23,9,5,4,6,3
hawk_unicorn,1294,143,1-0,21,7,3,4,5,2
hawk_unicorn,1295,94,0-1,25,11,5,6,4,7
hawk_unicorn,1296,145,1-0,13,7,4,3,6,1
hawk_unicorn,1297,107,1-0,19,14,8,6,10,4
hawk_unicorn,1298,207,1-0,10,4,1,3,3,1
hawk_unicorn,1299,165,1-0,22,8,3,5,5,3
hawk_unicorn,1300,252,1/2-1/2,14,6,1,5,3,3
hawk_unicorn,1301,77,1-0,48,22,9,13,13,9
hawk_unicorn,1302,208,0-1,8,4,0,4,1,3
hawk_unicorn,1303,169,1-0,20,6,2,4,4,2
hawk_unicorn,1304,99,1-0,33,15,8,7,11,4
hawk_unicorn,1305,214,0-1,13,5,1,4,1,4
hawk_unicorn,1306,147,1-0,21,7,3,4,5,2
hawk_unicorn,1307,125,1-0,34,16,8,8,8,8
hawk_unicorn,1308,108,1/2-1/2,39,19,7,12,9,10
hawk_unicorn,1309,77,1/2-1/2,44,18,4,14,10,8
hawk_unicorn,1310,172,1/2-1/2,10,8,4,4,4,4
hawk_unicorn,1311,133,1-0,18,8,4,4,6,2
hawk_unicorn,1312,143,1-0,19,5,1,4,4,1
hawk_unicorn,1313,149,1-0,22,10,4,6,8,2
hawk_unicorn,1314,189,1-0,18,4,0,4,3,1
hawk_unicorn,1315,146,0-1,23,9,5,4,3,6
hawk_unicorn,1316,223,1/2-1/2,11,5,0,5,2,3
hawk_unicorn,1317,120,1/2-1/2,35,13,6,7,6,7
hawk_unicorn,1318,176,0-1,12,8,4,4,2,6
hawk_unicorn,1319,133,1-0,18,8,4,4,6,2
hawk_unicorn,1320,178,0-1,22,9,2,7,2,7
hawk_unicorn,1321,119,1/2-1/2,25,11,7,4,5,6
hawk_unicorn,1322,130,0-1,18,8,4,4,3,5
hawk_unicorn,1323,60,1/2-1/2,81,34,16,18,16,18
hawk_unicorn,1324,244,1/2-1/2,13,7,3,4,3,4
hawk_unicorn,1325,114,0-1,20,9,3,6,3,6
hawk_unicorn,1326,182,0-1,13,5,1,4,1,4
hawk_unicorn,1327,163,1-0,19,8,2,6,7,1
hawk_unicorn,1328,218,0-1,9,3,0,3,1,2
hawk_unicorn,1329,189,1-0,9,3,0,3,2,1
hawk_unicorn,1330,153,1-0,13,5,1,4,4,1
hawk_unicorn,1331,189,1-0,15,6,0,6,5,1
hawk_unicorn,1332,123,1-0,25,11,7,4,7,4
hawk_unicorn,1333,163,1-0,14,6,2,4,4,2
hawk_unicorn,1334,356,1/2-1/2,6,5,0,5,3,2
hawk_unicorn,1335,128,0-1,18,12,7,5,6,6
hawk_unicorn,1336,211,1-0,12,4,0,4,3,1
hawk_unicorn,1337,86,1/2-1/2,49,17,5,12,7,10
hawk_unicorn,1338,326,0-1,9,3,0,3,1,2
hawk_unicorn,1339,83,1-0,28,16,10,6,8,8
hawk_unicorn,1340,160,1/2-1/2,9,6,1,5,2,4
hawk_unicorn,1341,101,1/2-1/2,20,10,5,5,6,4
hawk_unicorn,1342,159,1-0,12,5,0,5,4,1
hawk_unicorn,1343,209,1-0,16,6,1,5,5,1
hawk_unicorn,1344,171,1-0,8,4,0,4,3,1
hawk_unicorn,1345,167,1-0,6,4,1,3,3,1
hawk_unicorn,1346,203,1-0,3,4,0,4,3,1
hawk_unicorn,1347,136,0-1,17,7,3,4,2,5
hawk_unicorn,1348,118,0-1,21,11,7,4,3,8
hawk_unicorn,1349,60,1/2-1/2,68,27,12,15,14,13
hawk_unicorn,1350,225,1-0,23,5,0,5,4,1
hawk_unicorn,1351,141,1-0,22,7,1,6,6,1
hawk_unicorn,1352,165,1-0,14,6,2,4,4,2
hawk_unicorn,1353,147,1-0,16,8,4,4,5,3
hawk_unicorn,1354,134,0-1,13,6,1,5,1,5
hawk_unicorn,1355,161,1-0,30,8,2,6,5,3
hawk_unicorn,1356,183,1/2-1/2,12,6,2,4,3,3
hawk_unicorn,1357,135,1-0,15,5,1,4,4,1
hawk_unicorn,1358,267,1-0,3,4,0,4,3,1
hawk_unicorn,1359,144,0-1,13,5,1,4,2,3
hawk_unicorn,1360,148,0-1,13,7,3,4,1,6
hawk_unicorn,1361,147,1-0,18,7,1,6,6,1
hawk_unicorn,1362,127,1-0,15,8,3,5,6,2
hawk_unicorn,1363,321,1/2-1/2,0,2,0,2,1,1
hawk_unicorn,1364,201,1-0,17,7,3,4,4,3
hawk_unicorn,1365,157,1-0,17,7,2,5,5,2
hawk_unicorn,1366,343,1/2-1/2,3,3,0,3,1,2
hawk_unicorn,1367,155,1-0,22,8,4,4,6,2
hawk_unicorn,1368,158,0-1,22,10,5,5,2,8
hawk_unicorn,1369,191,1-0,9,6,1,5,5,1
hawk_unicorn,1370,181,1-0,14,4,0,4,3,1
hawk_unicorn,1371,177,1-0,10,6,2,4,5,1
hawk_unicorn,1372,236,1/2-1/2,7,5,1,4,2,3
hawk_unicorn,1373,235,1/2-1/2,11,5,1,4,3,2
hawk_unicorn,1374,158,0-1,21,9,4,5,3,6
hawk_unicorn,1375,194,0-1,15,7,3,4,1,6
hawk_unicorn,1376,153,1-0,11,7,3,4,6,1
hawk_unicorn,1377,149,1-0,24,12,7,5,9,3
hawk_unicorn,1378,149,1-0,9,3,0,3,2,1
hawk_unicorn,1379,154,0-1,16,12,8,4,4,8
hawk_unicorn,1380,141,1-0,26,10,4,6,6,4
hawk_unicorn,1381,370,1/2-1/2,8,4,0,4,2,2
hawk_unicorn,1382,393,1/2-1/2,0,2,0,2,1,1
hawk_unicorn,1383,353,1/2-1/2,3,4,0,4,1,3
hawk_unicorn,1384,225,1/2-1/2,0,2,0,2,1,1
hawk_unicorn,1385,111,1-0,14,7,2,5,5,2
hawk_unicorn,1386,193,1/2-1/2,9,5,1,4,2,3
hawk_unicorn,1387,119,1-0,32,13,6,7,6,7
hawk_unicorn,1388,129,1-0,17,11,8,3,7,4
hawk_unicorn,1389,155,1-0,10,4,1,3,3,1
hawk_unicorn,1390,147,1-0,20,6,2,4,5,1
hawk_unicorn,1391,151,1-0,11,5,2,3,4,1
hawk_unicorn,1392,186,0-1,17,9,5,4,5,4
hawk_unicorn,1393,153,1-0,13,7,4,3,5,2
hawk_unicorn,1394,232,0-1,17,7,2,5,1,6
hawk_unicorn,1395,346,0-1,9,3,0,3,1,2
hawk_unicorn,1396,155,1-0,15,5,1,4,4,1
hawk_unicorn,1397,200,0-1,19,5,1,4,1,4
hawk_unicorn,1398,122,0-1,38,18,10,8,7,11
hawk_unicorn,1399,157,1-0,19,5,1,4,4,1
hawk_unicorn,1400,145,1-0,20,6,2,4,4,2
hawk_unicorn,1401,177,1-0,25,10,4,6,7,3
hawk_unicorn,1402,229,1-0,12,4,0,4,3,1
hawk_unicorn,1403,63,1/2-1/2,46,20,10,10,10,10
hawk_unicorn,1404,121,1-0,23,11,5,6,7,4
hawk_unicorn,1405,154,0-1,14,6,2,4,2,4
hawk_unicorn,1406,304,0-1,12,4,0,4,1,3
hawk_unicorn,1407,203,1-0,10,7,2,5,6,1
hawk_unicorn,1408,223,1/2-1/2,0,2,0,2,1,1
hawk_unicorn,1409,115,1/2-1/2,16,10,6,4,5,5
hawk_unicorn,1410,150,0-1,16,7,1,6,1,6
hawk_unicorn,1411,303,1/2-1/2,3,3,0,3,2,1
hawk_unicorn,1412,418,1/2-1/2,12,6,1,5,3,3
hawk_unicorn,1413,299,1/2-1/2,3,3,0,3,1,2
hawk_unicorn,1414,121,1-0,15,9,6,3,7,2
hawk_unicorn,1415,103,1-0,14,10,6,4,8,2
hawk_unicorn,1416,200,0-1,9,3,0,3,1,2
hawk_unicorn,1417,166,0-1,28,12,6,6,3,9
hawk_unicorn,1418,152,0-1,19,5,1,4,1,4
hawk_unicorn,1419,159,1-0,20,8,2,6,7,1
hawk_unicorn,1420,180,0-1,15,5,1,4,2,3
hawk_unicorn,1421,136,0-1,14,8,4,4,2,6
hawk_unicorn,1422,133,1-0,21,7,3,4,6,1
hawk_unicorn,1423,249,1/2-1/2,3,3,0,3,2,1
hawk_unicorn,1424,153,1-0,16,7,1,6,5,2
hawk_unicorn,1425,185,1-0,20,6,2,4,4,2
hawk_unicorn,1426,224,1/2-1/2,13,5,0,5,3,2
hawk_unicorn,1427,492,0-1,24,10,5,5,4,6
hawk_unicorn,1428,196,0-1,18,10,6,4,4,6
hawk_unicorn,1429,131,1-0,19,11,5,6,7,4
hawk_unicorn,1430,100,0-1,30,14,8,6,6,8
hawk_unicorn,1431,157,1-0,17,5,0,5,4,1
hawk_unicorn,1432,161,1-0,8,4,0,4,3,1
hawk_unicorn,1433,153,1-0,30,12,7,5,8,4
hawk_unicorn,1434,161,1-0,11,8,3,5,7,1
hawk_unicorn,1435,147,1-0,10,4,1,3,3,1
hawk_unicorn,1436,206,0-1,17,5,0,5,1,4
hawk_unicorn,1437,158,0-1,21,7,3,4,1,6
hawk_unicorn,1438,238,0-1,9,3,0,3,1,2
hawk_unicorn,1439,247,1/2-1/2,10,9,4,5,4,5
hawk_unicorn,1440,71,1-0,27,13,8,5,8,5
hawk_unicorn,1441,117,1/2-1/2,12,6,2,4,3,3
hawk_unicorn,1442,206,0-1,9,3,0,3,1,2
hawk_unicorn,1443,106,1/2-1/2,27,13,9,4,6,7
hawk_unicorn,1444,150,0-1,16,6,1,5,1,5
hawk_unicorn,1445,123,1-0,22,12,7,5,7,5
hawk_unicorn,1446,130,0-1,15,7,3,4,2,5
hawk_unicorn,1447,229,1-0,4,4,1,3,3,1
hawk_unicorn,1448,218,1/2-1/2,1,3,1,2,2,1
hawk_unicorn,1449,136,0-1,16,6,2,4,2,4
hawk_unicorn,1450,355,1-0,24,10,4,6,6,4
hawk_unicorn,1451,107,1-0,24,8,3,5,7,1
hawk_unicorn,1452,221,1-0,9,3,0,3,2,1
hawk_unicorn,1453,171,1-0,10,4,1,3,3,1
hawk_unicorn,1454,77,1/2-1/2,41,20,11,9,11,9
hawk_unicorn,1455,113,1-0,18,10,6,4,8,2
hawk_unicorn,1456,117,1-0,14,7,2,5,6,1
hawk_unicorn,1457,125,1-0,20,10,6,4,7,3
hawk_unicorn,1458,157,1-0,18,6,0,6,4,2
hawk_unicorn,1459,116,0-1,19,7,2,5,2,5
hawk_unicorn,1460,211,1-0,13,5,1,4,4,1
hawk_unicorn,1461,148,0-1,17,9,4,5,3,6
hawk_unicorn,1462,127,1-0,19,9,5,4,7,2
hawk_unicorn,1463,217,1/2-1/2,23,8,0,8,5,3
hawk_unicorn,1464,123,1-0,21,9,4,5,7,2
hawk_unicorn,1465,199,1-0,8,6,3,3,5,1
hawk_unicorn,1466,115,1-0,21,11,7,4,7,4
hawk_unicorn,1467,172,1/2-1/2,14,11,6,5,6,5
hawk_unicorn,1468,145,1-0,19,7,2,5,5,2
hawk_unicorn,1469,136,0-1,18,11,6,5,4,7
hawk_unicorn,1470,162,0-1,15,7,3,4,2,5
hawk_unicorn,1471,87,1/2-1/2,31,16,6,10,8,8
hawk_unicorn,1472,177,1-0,8,4,0,4,3,1
hawk_unicorn,1473,194,0-1,10,4,1,3,1,3
hawk_unicorn,1474,205,1-0,13,7,4,3,4,3
hawk_unicorn,1475,153,1-0,10,4,1,3,2,2
hawk_unicorn,1476,121,1-0,25,12,5,7,10,2
hawk_unicorn,1477,174,0-1,9,5,1,4,1,4
hawk_unicorn,1478,127,1-0,17,7,2,5,6,1
hawk_unicorn,1479,162,0-1,16,6,2,4,1,5
hawk_unicorn,1480,159,1-0,18,4,0,4,3,1
hawk_unicorn,1481,114,0-1,34,14,7,7,4,10
hawk_unicorn,1482,161,1-0,20,6,1,5,4,2
hawk_unicorn,1483,115,1-0,18,8,4,4,6,2
hawk_unicorn,1484,202,1/2-1/2,1,3,1,2,2,1
hawk_unicorn,1485,173,1-0,8,4,0,4,3,1
hawk_unicorn,1486,236,1/2-1/2,2,4,2,2,2,2
hawk_unicorn,1487,159,1-0,20,6,1,5,4,2
hawk_unicorn,1488,156,1/2-1/2,10,8,4,4,4,4
hawk_unicorn,1489,111,1-0,29,11,4,7,7,4
hawk_unicorn,1490,250,0-1,5,3,0,3,1,2
hawk_unicorn,1491,142,0-1,14,4,0,4,1,3
hawk_unicorn,1492,157,1-0,17,7,3,4,5,2
hawk_unicorn,1493,216,1/2-1/2,21,11,6,5,5,6
hawk_unicorn,1494,166,1/2-1/2,22,12,6,6,5,7
hawk_unicorn,1495,170,0-1,11,5,2,3,1,4
hawk_unicorn,1496,191,1-0,14,4,0,4,3,1
hawk_unicorn,1497,139,1-0,15,7,3,4,4,3
hawk_unicorn,1498,89,1-0,20,13,6,7,10,3
hawk_unicorn,1499,249,1/2-1/2,6,5,0,5,2,3
hawk_unicorn,1500,163,1-0,15,5,1,4,3,2
hawk_unicorn,1501,150,0-1,20,10,6,4,3,7
hawk_unicorn,1502,131,1-0,16,8,4,4,7,1
hawk_unicorn,1503,170,0-1,14,6,2,4,1,5
hawk_unicorn,1504,93,1/2-1/2,33,15,8,7,7,8
hawk_unicorn,1505,263,1/2-1/2,6,5,0,5,2,3
hawk_unicorn,1506,91,1/2-1/2,58,24,14,10,12,12
hawk_unicorn,1507,167,1-0,25,10,4,6,7,3
hawk_unicorn,1508,190,0-1,14,7,2,5,2,5
hawk_unicorn,1509,89,1-0,30,12,6,6,9,3
hawk_unicorn,1510,171,1-0,17,8,2,6,7,1
hawk_unicorn,1511,198,0-1,8,4,0,4,1,3
hawk_unicorn,1512,128,0-1,19,11,7,4,3,8
hawk_unicorn,1513,124,0-1,20,10,5,5,3,7
hawk_unicorn,1514,203,1-0,14,4,0,4,3,1
hawk_unicorn,1515,144,0-1,7,5,1,4,1,4
hawk_unicorn,1516,143,1-0,20,10,5,5,7,3
hawk_unicorn,1517,177,1-0,17,6,0,6,5,1
hawk_unicorn,1518,155,1-0,26,8,3,5,6,2
hawk_unicorn,1519,195,1-0,9,3,0,3,2,1
hawk_unicorn,1520,166,0-1,19,5,1,4,1,4
hawk_unicorn,1521,253,1/2-1/2,1,3,1,2,1,2
hawk_unicorn,1522,203,1-0,15,7,3,4,6,1
hawk_unicorn,1523,192,0-1,19,5,1,4,1,4
hawk_unicorn,1524,120,1/2-1/2,17,13,9,4,6,7
hawk_unicorn,1525,143,1/2-1/2,25,11,5,6,5,6
hawk_unicorn,1526,163,1-0,9,3,0,3,2,1
hawk_unicorn,1527,278,1/2-1/2,11,5,1,4,3,2
hawk_unicorn,1528,133,1-0,17,7,3,4,5,2
hawk_unicorn,1529,141,1-0,6,4,1,3,3,1
hawk_unicorn,1530,105,1-0,22,8,4,4,6,2
hawk_unicorn,1531,371,1/2-1/2,20,10,5,5,3,7
hawk_unicorn,1532,314,0-1,15,5,0,5,1,4
hawk_unicorn,1533,306,1/2-1/2,3,3,0,3,2,1
hawk_unicorn,1534,174,0-1,9,7,4,3,2,5
hawk_unicorn,1535,297,1/2-1/2,3,3,0,3,1,2
hawk_unicorn,1536,357,1/2-1/2,3,3,0,3,1,2
hawk_unicorn,1537,153,1-0,16,6,1,5,4,2
hawk_unicorn,1538,129,1-0,29,11,6,5,8,3
hawk_unicorn,1539,134,0-1,15,9,5,4,2,7
hawk_unicorn,1540,306,1/2-1/2,0,2,0,2,1,1
hawk_unicorn,1541,172,0-1,5,3,0,3,1,2
hawk_unicorn,1542,165,1-0,18,4,0,4,3,1
hawk_unicorn,1543,174,0-1,8,4,0,4,1,3
hawk_unicorn,1544,162,0-1,14,6,2,4,1,5
hawk_unicorn,1545,149,1-0,24,8,3,5,6,2
hawk_unicorn,1546,305,1/2-1/2,3,3,0,3,1,2
hawk_unicorn,1547,92,1/2-1/2,27,13,7,6,6,7
hawk_unicorn,1548,117,1/2-1/2,22,16,7,9,7,9
hawk_unicorn,1549,163,1-0,21,7,3,4,6,1
hawk_unicorn,1550,145,1-0,8,7,2,5,6,1
hawk_unicorn,1551,323,1/2-1/2,0,2,0,2,1,1
hawk_unicorn,1552,190,1/2-1/2,11,9,5,4,4,5
hawk_unicorn,1553,178,0-1,15,7,3,4,2,5
hawk_unicorn,1554,154,0-1,9,3,0,3,1,2
hawk_unicorn,1555,87,1/2-1/2,45,20,7,13,9,11
hawk_unicorn,1556,228,0-1,12,5,0,5,1,4
hawk_unicorn,1557,149,1-0,21,7,3,4,5,2
hawk_unicorn,1558,114,0-1,17,10,5,5,3,7
hawk_unicorn,1559,163,1-0,20,6,2,4,5,1
hawk_unicorn,1560,157,1-0,21,7,1,6,5,2
hawk_unicorn,1561,83,1/2-1/2,32,15,6,9,7,8
hawk_unicorn,1562,108,1/2-1/2,20,12,4,8,6,6
hawk_unicorn,1563,79,1/2-1/2,39,19,8,11,11,8
hawk_unicorn,1564,192,0-1,23,5,0,5,1,4
hawk_unicorn,1565,146,0-1,15,7,3,4,2,5
hawk_unicorn,1566,160,0-1,12,4,0,4,1,3
hawk_unicorn,1567,175,1-0,10,4,1,3,3,1
hawk_unicorn,1568,285,1/2-1/2,3,3,0,3,2,1
hawk_unicorn,1569,185,1/2-1/2,13,6,1,5,5,1
hawk_unicorn,1570,215,1-0,22,6,0,6,4,2
hawk_unicorn,1571,162,0-1,22,12,7,5,3,9
hawk_unicorn,1572,143,1-0,18,4,0,4,3,1
hawk_unicorn,1573,128,1/2-1/2,15,11,7,4,7,4
hawk_unicorn,1574,99,1-0,23,13,9,4,8,5
hawk_unicorn,1575,126,0-1,21,7,3,4,1,6
hawk_unicorn,1576,171,1-0,14,6,2,4,3,3
hawk_unicorn,1577,212,0-1,5,3,0,3,1,2
hawk_unicorn,1578,127,1-0,23,9,4,5,7,2
hawk_unicorn,1579,165,1-0,15,7,3,4,6,1
hawk_unicorn,1580,213,1-0,9,3,0,3,2,1
hawk_unicorn,1581,168,0-1,12,6,3,3,2,4
hawk_unicorn,1582,149,1/2-1/2,14,8,4,4,4,4
hawk_unicorn,1583,137,1-0,18,4,0,4,3,1
hawk_unicorn,1584,332,1/2-1/2,3,3,0,3,1,2
hawk_unicorn,1585,187,1-0,10,4,1,3,3,1
hawk_unicorn,1586,162,0-1,10,4,1,3,1,3
hawk_unicorn,1587,182,0-1,14,9,3,6,3,6
hawk_unicorn,1588,165,1-0,13,5,1,4,3,2
hawk_unicorn,1589,111,1-0,18,8,4,4,5,3
hawk_unicorn,1590,153,1-0,17,8,2,6,7,1
hawk_unicorn,1591,199,1-0,18,4,0,4,3,1
hawk_unicorn,1592,103,1-0,16,12,8,4,7,5
hawk_unicorn,1593,196,0-1,9,3,0,3,1,2
hawk_unicorn,1594,224,0-1,15,8,3,5,1,7
hawk_unicorn,1595,127,1/2-1/2,10,8,4,4,4,4
hawk_unicorn,1596,158,0-1,21,7,3,4,2,5
hawk_unicorn,1597,135,1-0,17,7,3,4,6,1
hawk_unicorn,1598,60,1/2-1/2,28,17,8,9,7,10
hawk_unicorn,1599,157,1-0,23,7,2,5,5,2
hawk_unicorn,1600,214,0-1,8,6,2,4,1,5
hawk_unicorn,1601,221,1/2-1/2,0,2,0,2,1,1
hawk_unicorn,1602,130,0-1,19,11,7,4,4,7
hawk_unicorn,1603,187,1-0,18,9,3,6,8,1
hawk_unicorn,1604,104,1/2-1/2,28,17,8,9,8,9
hawk_unicorn,1605,133,1-0,15,5,1,4,4,1
hawk_unicorn,1606,195,1-0,11,5,2,3,4,1
hawk_unicorn,1607,194,0-1,14,4,0,4,1,3
hawk_unicorn,1608,191,1-0,9,3,0,3,2,1
hawk_unicorn,1609,181,1-0,13,7,2,5,6,1
hawk_unicorn,1610,199,1-0,9,3,0,3,2,1
hawk_unicorn,1611,197,1-0,16,7,1,6,6,1
hawk_unicorn,1612,99,1-0,13,7,2,5,5,2
hawk_unicorn,1613,313,1/2-1/2,11,5,1,4,3,2
hawk_unicorn,1614,188,0-1,16,6,1,5,2,4
hawk_unicorn,1615,191,1-0,7,5,1,4,4,1
hawk_unicorn,1616,150,0-1,23,11,6,5,3,8
hawk_unicorn,1617,186,0-1,24,6,1,5,2,4
hawk_unicorn,1618,170,0-1,12,6,1,5,1,5
hawk_unicorn,1619,127,1-0,9,3,0,3,2,1
hawk_unicorn,1620,115,1-0,14,10,6,4,7,3
hawk_unicorn,1621,117,1/2-1/2,34,12,5,7,7,5
hawk_unicorn,1622,205,1-0,20,6,2,4,4,2
hawk_unicorn,1623,326,0-1,7,5,1,4,1,4
hawk_unicorn,1624,141,1-0,12,6,3,3,5,1
hawk_unicorn,1625,147,1/2-1/2,11,5,2,3,2,3
hawk_unicorn,1626,88,0-1,24,10,6,4,3,7
hawk_unicorn,1627,150,0-1,20,6,2,4,2,4
hawk_unicorn,1628,225,1-0,6,4,0,4,3,1
hawk_unicorn,1629,221,1/2-1/2,7,5,1,4,3,2
hawk_unicorn,1630,202,0-1,23,7,2,5,3,4
hawk_unicorn,1631,285,1-0,15,5,1,4,4,1
hawk_unicorn,1632,147,1-0,12,6,3,3,3,3
hawk_unicorn,1633,111,1-0,21,13,9,4,9,4
hawk_unicorn,1634,260,0-1,9,3,0,3,1,2
hawk_unicorn,1635,126,0-1,28,10,4,6,5,5
hawk_unicorn,1636,146,0-1,19,9,3,6,2,7
hawk_unicorn,1637,125,1-0,15,5,1,4,4,1
hawk_unicorn,1638,149,1-0,12,7,1,6,5,2
hawk_unicorn,1639,215,1-0,16,7,1,6,6,1
hawk_unicorn,1640,180,0-1,17,7,2,5,3,4
hawk_unicorn,1641,253,1-0,13,5,1,4,4,1
hawk_unicorn,1642,60,1/2-1/2,68,28,12,16,14,14
hawk_unicorn,1643,138,0-1,15,5,1,4,1,4
hawk_unicorn,1644,125,1-0,16,10,7,3,6,4
hawk_unicorn,1645,206,1/2-1/2,0,2,0,2,1,1
hawk_unicorn,1646,228,0-1,14,4,0,4,1,3
hawk_unicorn,1647,197,1-0,14,4,0,4,3,1
hawk_unicorn,1648,266,1/2-1/2,13,7,3,4,4,3
hawk_unicorn,1649,331,1/2-1/2,13,5,0,5,2,3
hawk_unicorn,1650,153,1-0,19,13,9,4,8,5
hawk_unicorn,1651,111,1-0,23,13,7,6,10,3
hawk_unicorn,1652,149,1-0,14,9,3,6,8,1
hawk_unicorn,1653,194,0-1,24,10,6,4,3,7
hawk_unicorn,1654,105,1-0,12,6,3,3,4,2
hawk_unicorn,1655,121,1/2-1/2,39,17,11,6,9,8
hawk_unicorn,1656,162,0-1,23,7,2,5,2,5
hawk_unicorn,1657,71,1-0,30,16,10,6,11,5
hawk_unicorn,1658,76,1/2-1/2,43,17,9,8,9,8
hawk_unicorn,1659,242,0-1,8,4,0,4,1,3
hawk_unicorn,1660,185,1-0,14,6,2,4,5,1
hawk_unicorn,1661,119,1/2-1/2,12,6,2,4,3,3
hawk_unicorn,1662,258,0-1,14,4,0,4,1,3
hawk_unicorn,1663,140,0-1,31,13,8,5,4,9
hawk_unicorn,1664,358,0-1,5,3,0,3,1,2
hawk_unicorn,1665,140,0-1,14,4,0,4,1,3
hawk_unicorn,1666,170,0-1,12,4,0,4,1,3
hawk_unicorn,1667,237,1-0,6,5,0,5,4,1
hawk_unicorn,1668,160,0-1,22,8,4,4,3,5
hawk_unicorn,1669,342,1/2-1/2,8,4,0,4,2,2
hawk_unicorn,1670,181,1-0,12,4,0,4,3,1
hawk_unicorn,1671,279,1-0,14,4,0,4,3,1
hawk_unicorn,1672,166,0-1,21,7,3,4,3,4
hawk_unicorn,1673,117,1/2-1/2,44,22,12,10,11,11
hawk_unicorn,1674,132,1/2-1/2,8,8,2,6,4,4
hawk_unicorn,1675,167,1-0,21,9,4,5,5,4
hawk_unicorn,1676,196,0-1,8,4,0,4,1,3
hawk_unicorn,1677,220,0-1,25,14,8,6,4,10
hawk_unicorn,1678,211,1-0,5,3,0,3,2,1
hawk_unicorn,1679,135,1-0,23,9,5,4,6,3
hawk_unicorn,1680,176,0-1,18,6,1,5,1,5
hawk_unicorn,1681,125,1/2-1/2,21,7,3,4,4,3
hawk_unicorn,1682,139,1/2-1/2,31,16,8,8,7,9
hawk_unicorn,1683,152,0-1,18,8,3,5,1,7
hawk_unicorn,1684,266,1/2-1/2,53,23,15,8,11,12
hawk_unicorn,1685,127,1-0,24,8,3,5,7,1
hawk_unicorn,1686,212,1/2-1/2,8,9,5,4,4,5
hawk_unicorn,1687,83,1/2-1/2,27,13,9,4,7,6
hawk_unicorn,1688,85,1/2-1/2,40,19,9,10,8,11
hawk_unicorn,1689,197,1-0,24,8,3,5,7,1
hawk_unicorn,1690,122,1/2-1/2,27,13,7,6,6,7
hawk_unicorn,1691,147,1-0,14,6,2,4,5,1
hawk_unicorn,1692,160,0-1,26,8,3,5,2,6
hawk_unicorn,1693,214,0-1,9,3,0,3,1,2
hawk_unicorn,1694,115,1/2-1/2,18,13,7,6,8,5
hawk_unicorn,1695,146,0-1,20,8,3,5,3,5
hawk_unicorn,1696,165,1-0,14,7,2,5,6,1
hawk_unicorn,1697,92,1/2-1/2,35,13,6,7,5,8
hawk_unicorn,1698,273,1/2-1/2,32,13,6,7,7,6
hawk_unicorn,1699,136,0-1,22,8,2,6,2,6
hawk_unicorn,1700,254,0-1,21,6,0,6,1,5
hawk_unicorn,1701,168,0-1,19,5,0,5,1,4
hawk_unicorn,1702,125,1-0,8,7,2,5,6,1
hawk_unicorn,1703,212,0-1,13,7,4,3,2,5
hawk_unicorn,1704,132,0-1,6,4,1,3,1,3
hawk_unicorn,1705,197,1-0,12,4,0,4,3,1
hawk_unicorn,1706,401,1-0,9,5,0,5,4,1
hawk_unicorn,1707,121,1-0,12,8,4,4,6,2
hawk_unicorn,1708,226,1/2-1/2,7,5,1,4,2,3
hawk_unicorn,1709,171,1/2-1/2,22,8,4,4,3,5
hawk_unicorn,1710,193,1-0,12,4,0,4,3,1
hawk_unicorn,1711,171,1-0,14,4,0,4,3,1
hawk_unicorn,1712,63,1-0,30,16,11,5,9,7
hawk_unicorn,1713,153,1/2-1/2,12,6,2,4,3,3
hawk_unicorn,1714,137,1-0,26,12,7,5,8,4
hawk_unicorn,1715,311,1-0,13,5,1,4,3,2
hawk_unicorn,1716,146,0-1,22,7,1,6,2,5
hawk_unicorn,1717,182,1/2-1/2,39,15,7,8,9,6
hawk_unicorn,1718,153,1-0,15,8,3,5,4,4
hawk_unicorn,1719,291,1/2-1/2,3,3,0,3,1,2
hawk_unicorn,1720,61,1/2-1/2,30,15,6,9,8,7
hawk_unicorn,1721,101,1-0,20,10,6,4,7,3
hawk_unicorn,1722,212,0-1,21,11,7,4,4,7
hawk_unicorn,1723,216,0-1,7,5,2,3,1,4
hawk_unicorn,1724,194,0-1,15,7,3,4,2,5
hawk_unicorn,1725,150,0-1,18,4,0,4,1,3
hawk_unicorn,1726,170,0-1,15,5,1,4,1,4
hawk_unicorn,1727,159,1-0,18,4,0,4,3,1
hawk_unicorn,1728,227,1-0,18,4,0,4,3,1
hawk_unicorn,1729,268,0-1,15,6,0,6,1,5
hawk_unicorn,1730,202,0-1,5,3,0,3,1,2
hawk_unicorn,1731,128,0-1,18,11,6,5,2,9
hawk_unicorn,1732,198,0-1,16,8,4,4,2,6
hawk_unicorn,1733,197,1-0,14,6,2,4,5,1
hawk_unicorn,1734,167,1-0,9,3,0,3,2,1
hawk_unicorn,1735,239,1/2-1/2,7,5,1,4,2,3
hawk_unicorn,1736,160,0-1,18,8,4,4,3,5
hawk_unicorn,1737,343,1/2-1/2,3,3,0,3,1,2
hawk_unicorn,1738,219,1-0,19,9,5,4,6,3
hawk_unicorn,1739,120,0-1,15,9,6,3,2,7
hawk_unicorn,1740,86,1/2-1/2,32,19,10,9,10,9
hawk_unicorn,1741,216,1/2-1/2,22,15,8,7,7,8
hawk_unicorn,1742,176,0-1,13,5,1,4,1,4
hawk_unicorn,1743,239,1/2-1/2,3,3,0,3,2,1
hawk_unicorn,1744,203,1-0,6,5,0,5,4,1
hawk_unicorn,1745,100,1/2-1/2,14,8,4,4,4,4
hawk_unicorn,1746,120,0-1,26,12,8,4,4,8
hawk_unicorn,1747,171,1/2-1/2,0,2,0,2,1,1
hawk_unicorn,1748,116,0-1,22,13,5,8,2,11
hawk_unicorn,1749,144,0-1,21,7,3,4,1,6
hawk_unicorn,1750,216,0-1,15,7,3,4,2,5
hawk_unicorn,1751,163,1-0,10,4,1,3,3,1
hawk_unicorn,1752,218,0-1,18,8,3,5,2,6
hawk_unicorn,1753,145,1-0,15,5,1,4,4,1
hawk_unicorn,1754,177,1-0,19,5,1,4,4,1
hawk_unicorn,1755,184,0-1,18,6,1,5,2,4
hawk_unicorn,1756,155,1-0,19,7,2,5,6,1
hawk_unicorn,1757,209,1-0,12,4,0,4,3,1
hawk_unicorn,1758,159,1/2-1/2,7,5,2,3,3,2
hawk_unicorn,1759,115,1-0,22,10,5,5,6,4
hawk_unicorn,1760,123,1-0,16,10,6,4,7,3
hawk_unicorn,1761,155,1-0,21,5,0,5,4,1
hawk_unicorn,1762,94,1/2-1/2,35,13,6,7,5,8
hawk_unicorn,1763,141,1-0,19,12,5,7,8,4
hawk_unicorn,1764,163,1-0,8,7,2,5,5,2
hawk_unicorn,1765,318,0-1,20,8,3,5,2,6
hawk_unicorn,1766,108,0-1,19,9,5,4,3,6
hawk_unicorn,1767,218,0-1,18,6,1,5,1,5
hawk_unicorn,1768,149,1-0,15,5,1,4,4,1
hawk_unicorn,1769,155,1-0,24,6,0,6,4,2
hawk_unicorn,1770,474,1/2-1/2,3,3,0,3,2,1
hawk_unicorn,1771,232,1/2-1/2,24,10,4,6,5,5
hawk_unicorn,1772,115,1-0,12,8,4,4,7,1
hawk_unicorn,1773,227,1-0,3,4,0,4,3,1
hawk_unicorn,1774,208,0-1,16,6,2,4,2,4
hawk_unicorn,1775,180,0-1,11,5,0,5,1,4
hawk_unicorn,1776,148,0-1,22,10,5,5,5,5
hawk_unicorn,1777,175,1-0,21,5,0,5,4,1
hawk_unicorn,1778,166,0-1,11,7,3,4,2,5
hawk_unicorn,1779,197,1-0,12,6,3,3,5,1
hawk_unicorn,1780,147,1/2-1/2,10,4,0,4,2,2
hawk_unicorn,1781,118,0-1,16,10,5,5,3,7
hawk_unicorn,1782,149,1-0,12,4,0,4,3,1
hawk_unicorn,1783,266,0-1,21,5,0,5,1,4
hawk_unicorn,1784,157,1-0,18,8,3,5,6,2
hawk_unicorn,1785,149,1-0,24,8,3,5,6,2
hawk_unicorn,1786,203,1-0,17,8,2,6,6,2
hawk_unicorn,1787,157,1-0,22,6,1,5,4,2
hawk_unicorn,1788,192,0-1,15,5,1,4,1,4
hawk_unicorn,1789,103,1-0,27,11,6,5,8,3
hawk_unicorn,1790,91,1-0,20,15,9,6,8,7
hawk_unicorn,1791,159,1-0,16,8,4,4,6,2
hawk_unicorn,1792,149,1-0,10,8,5,3,5,3
hawk_unicorn,1793,143,1-0,15,7,3,4,5,2
hawk_unicorn,1794,107,1-0,40,14,7,7,10,4
hawk_unicorn,1795,262,0-1,16,6,2,4,1,5
hawk_unicorn,1796,170,0-1,16,6,2,4,1,5
hawk_unicorn,1797,187,1-0,12,4,0,4,3,1
hawk_unicorn,1798,93,1/2-1/2,44,18,10,8,10,8
hawk_unicorn,1799,147,1-0,12,6,3,3,5,1
hawk_unicorn,1800,178,0-1,9,3,0,3,1,2
hawk_unicorn,1801,188,0-1,15,6,0,6,1,5
hawk_unicorn,1802,75,1/2-1/2,35,17,11,6,9,8
hawk_unicorn,1803,157,1-0,14,6,2,4,5,1
hawk_unicorn,1804,163,1-0,16,6,2,4,5,1
hawk_unicorn,1805,270,0-1,5,3,0,3,1,2
hawk_unicorn,1806,215,1-0,20,6,2,4,3,3
hawk_unicorn,1807,180,0-1,15,5,1,4,1,4
hawk_unicorn,1808,255,1/2-1/2,22,18,10,8,9,9
hawk_unicorn,1809,117,1-0,20,6,2,4,5,1
hawk_unicorn,1810,128,0-1,19,5,1,4,1,4
hawk_unicorn,1811,134,0-1,15,7,3,4,1,6
hawk_unicorn,1812,138,0-1,24,15,8,7,5,10
hawk_unicorn,1813,411,1/2-1/2,0,2,0,2,1,1
hawk_unicorn,1814,130,0-1,11,7,3,4,2,5
hawk_unicorn,1815,146,0-1,16,13,7,6,3,10
hawk_unicorn,1816,299,1/2-1/2,10,4,0,4,2,2
hawk_unicorn,1817,191,1-0,11,5,2,3,3,2
hawk_unicorn,1818,206,0-1,15,5,1,4,1,4
hawk_unicorn,1819,206,0-1,15,7,3,4,1,6
hawk_unicorn,1820,202,0-1,3,4,0,4,1,3
hawk_unicorn,1821,171,1-0,20,6,2,4,5,1
hawk_unicorn,1822,109,1-0,14,8,5,3,6,2
hawk_unicorn,1823,147,1-0,20,6,2,4,5,1
hawk_unicorn,1824,93,1-0,23,9,5,4,6,3
hawk_unicorn,1825,61,1/2-1/2,65,25,9,16,12,13
hawk_unicorn,1826,150,0-1,10,4,1,3,1,3
hawk_unicorn,1827,83,1/2-1/2,55,20,7,13,10,10
hawk_unicorn,1828,139,1-0,19,11,6,5,8,3
hawk_unicorn,1829,353,1/2-1/2,0,2,0,2,1,1
hawk_unicorn,1830,177,1-0,21,5,0,5,4,1
hawk_unicorn,1831,174,0-1,12,4,0,4,1,3
hawk_unicorn,1832,127,1-0,24,10,6,4,6,4
hawk_unicorn,1833,137,1-0,24,8,3,5,6,2
hawk_unicorn,1834,158,0-1,10,8,5,3,1,7
hawk_unicorn,1835,172,0-1,15,10,4,6,3,7
hawk_unicorn,1836,138,0-1,19,9,5,4,3,6
hawk_unicorn,1837,316,1/2-1/2,0,2,0,2,1,1
hawk_unicorn,1838,118,0-1,23,14,7,7,2,12
hawk_unicorn,1839,119,1/2-1/2,31,15,7,8,7,8
hawk_unicorn,1840,101,1/2-1/2,27,14,5,9,7,7
hawk_unicorn,1841,93,1/2-1/2,6,8,6,2,4,4
hawk_unicorn,1842,165,1-0,17,5,0,5,4,1
hawk_unicorn,1843,233,1-0,13,5,1,4,4,1
hawk_unicorn,1844,146,0-1,16,8,4,4,1,7
hawk_unicorn,1845,79,1/2-1/2,41,19,8,11,11,8
hawk_unicorn,1846,127,1-0,20,8,2,6,7,1
hawk_unicorn,1847,200,0-1,18,4,0,4,1,3
hawk_unicorn,1848,266,0-1,9,5,0,5,1,4
hawk_unicorn,1849,166,0-1,17,7,3,4,2,5
hawk_unicorn,1850,49,1-0,55,24,12,12,13,11
hawk_unicorn,1851,173,1/2-1/2,10,8,4,4,4,4
hawk_unicorn,1852,131,1-0,13,6,1,5,5,1
hawk_unicorn,1853,252,1/2-1/2,5,5,2,3,3,2
hawk_unicorn,1854,167,1-0,14,4,0,4,3,1
hawk_unicorn,1855,199,1-0,17,5,0,5,4,1
hawk_unicorn,1856,123,1-0,17,9,5,4,6,3
hawk_unicorn,1857,127,1-0,17,9,3,6,7,2
hawk_unicorn,1858,187,1/2-1/2,6,4,0,4,2,2
hawk_unicorn,1859,159,1-0,17,7,2,5,6,1
hawk_unicorn,1860,169,1-0,15,7,3,4,6,1
hawk_unicorn,1861,135,1/2-1/2,8,8,5,3,5,3
hawk_unicorn,1862,119,1-0,17,7,3,4,5,2
hawk_unicorn,1863,153,1-0,20,6,2,4,5,1
hawk_unicorn,1864,60,1/2-1/2,88,36,14,22,19,17
hawk_unicorn,1865,126,1/2-1/2,20,12,6,6,7,5
hawk_unicorn,1866,161,1/2-1/2,28,12,7,5,6,6
hawk_unicorn,1867,164,0-1,21,7,3,4,1,6
hawk_unicorn,1868,172,0-1,18,6,1,5,2,4
hawk_unicorn,1869,181,1-0,4,4,1,3,3,1
hawk_unicorn,1870,145,1-0,24,6,1,5,4,2
hawk_unicorn,1871,246,0-1,19,9,4,5,2,7
hawk_unicorn,1872,115,1-0,16,9,4,5,6,3
hawk_unicorn,1873,175,1-0,19,5,1,4,4,1
hawk_unicorn,1874,192,0-1,21,6,0,6,1,5
hawk_unicorn,1875,137,1/2-1/2,14,12,8,4,6,6
hawk_unicorn,1876,106,0-1,24,10,4,6,4,6
hawk_unicorn,1877,135,1-0,9,3,0,3,2,1
hawk_unicorn,1878,105,1-0,26,12,7,5,7,5
hawk_unicorn,1879,157,1/2-1/2,0,2,0,2,1,1
hawk_unicorn,1880,179,1-0,27,7,0,7,5,2
hawk_unicorn,1881,127,1-0,18,8,4,4,5,3
hawk_unicorn,1882,136,0-1,23,7,2,5,2,5
hawk_unicorn,1883,132,1/2-1/2,17,11,5,6,5,6
hawk_unicorn,1884,127,1-0,20,9,3,6,7,2
hawk_unicorn,1885,194,0-1,19,7,2,5,1,6
hawk_unicorn,1886,117,1/2-1/2,14,12,8,4,6,6
hawk_unicorn,1887,152,0-1,31,13,6,7,4,9
hawk_unicorn,1888,181,1/2-1/2,9,5,1,4,4,1
hawk_unicorn,1889,167,1/2-1/2,20,6,2,4,3,3
hawk_unicorn,1890,125,1-0,17,9,5,4,7,2
hawk_unicorn,1891,181,1-0,9,3,0,3,2,1
hawk_unicorn,1892,128,0-1,35,16,8,8,7,9
hawk_unicorn,1893,115,1-0,29,13,8,5,10,3
hawk_unicorn,1894,177,1-0,9,3,0,3,2,1
hawk_unicorn,1895,151,1-0,18,8,4,4,6,2
hawk_unicorn,1896,160,0-1,21,7,3,4,1,6
hawk_unicorn,1897,149,1-0,11,5,2,3,3,2
hawk_unicorn,1898,133,1-0,23,11,5,6,8,3
hawk_unicorn,1899,185,1-0,11,5,2,3,4,1
hawk_unicorn,1900,278,1/2-1/2,20,6,1,5,3,3
hawk_unicorn,1901,193,1-0,5,3,0,3,2,1
hawk_unicorn,1902,170,1/2-1/2,12,6,2,4,3,3
hawk_unicorn,1903,197,1-0,28,6,1,5,5,1
hawk_unicorn,1904,164,0-1,12,4,0,4,1,3
hawk_unicorn,1905,129,1-0,24,11,4,7,9,2
hawk_unicorn,1906,111,1-0,30,15,8,7,8,7
hawk_unicorn,1907,143,1/2-1/2,12,6,2,4,3,3
hawk_unicorn,1908,153,1-0,20,6,2,4,5,1
hawk_unicorn,1909,212,0-1,8,4,0,4,1,3
hawk_unicorn,1910,182,1/2-1/2,16,12,4,8,6,6
hawk_unicorn,1911,113,1-0,21,7,3,4,6,1
hawk_unicorn,1912,364,1/2-1/2,11,5,1,4,3,2
hawk_unicorn,1913,75,1-0,33,18,8,10,10,8
hawk_unicorn,1914,169,1-0,24,6,1,5,5,1
hawk_unicorn,1915,332,1/2-1/2,3,3,0,3,1,2
hawk_unicorn,1916,135,1/2-1/2,10,10,4,6,5,5
hawk_unicorn,1917,131,1-0,26,10,5,5,7,3
hawk_unicorn,1918,241,1/2-1/2,9,5,1,4,2,3
hawk_unicorn,1919,136,0-1,25,9,4,5,3,6
hawk_unicorn,1920,155,1-0,10,4,0,4,3,1
hawk_unicorn,1921,225,1-0,18,9,3,6,6,3
hawk_unicorn,1922,179,1-0,12,4,0,4,3,1
hawk_unicorn,1923,153,1-0,20,9,2,7,7,2
hawk_unicorn,1924,169,1-0,17,7,1,6,5,2
hawk_unicorn,1925,167,1-0,17,7,2,5,6,1
hawk_unicorn,1926,306,0-1,9,3,0,3,1,2
hawk_unicorn,1927,112,1/2-1/2,41,13,5,8,7,6
hawk_unicorn,1928,184,0-1,15,7,2,5,1,6
hawk_unicorn,1929,168,0-1,9,3,0,3,1,2
hawk_unicorn,1930,277,1-0,11,7,3,4,4,3
hawk_unicorn,1931,174,0-1,21,7,3,4,1,6
hawk_unicorn,1932,159,1-0,13,7,4,3,6,1
hawk_unicorn,1933,195,1-0,12,6,2,4,5,1
hawk_unicorn,1934,174,0-1,9,3,0,3,1,2
hawk_unicorn,1935,205,1-0,15,5,0,5,4,1
hawk_unicorn,1936,125,1-0,17,11,8,3,6,5
hawk_unicorn,1937,202,0-1,11,7,3,4,2,5
hawk_unicorn,1938,129,1-0,17,10,5,5,9,1
hawk_unicorn,1939,135,1-0,16,6,2,4,5,1
hawk_unicorn,1940,189,1-0,10,7,1,6,6,1
hawk_unicorn,1941,111,1-0,19,9,5,4,7,2
hawk_unicorn,1942,278,0-1,14,4,0,4,1,3
hawk_unicorn,1943,127,1-0,23,9,5,4,7,2
hawk_unicorn,1944,255,1/2-1/2,21,11,5,6,5,6
hawk_unicorn,1945,153,1-0,12,6,3,3,5,1
hawk_unicorn,1946,209,1-0,19,5,0,5,3,2
hawk_unicorn,1947,157,1-0,15,5,1,4,4,1
hawk_unicorn,1948,154,0-1,15,5,1,4,1,4
hawk_unicorn,1949,137,1/2-1/2,16,11,4,7,6,5
hawk_unicorn,1950,164,0-1,14,4,0,4,1,3
hawk_unicorn,1951,146,0-1,15,7,3,4,1,6
hawk_unicorn,1952,76,0-1,22,12,6,6,4,8
hawk_unicorn,1953,209,1/2-1/2,0,2,0,2,1,1
hawk_unicorn,1954,160,0-1,11,5,2,3,2,3
hawk_unicorn,1955,129,1-0,18,10,6,4,6,4
hawk_unicorn,1956,178,0-1,13,5,1,4,1,4
hawk_unicorn,1957,158,1/2-1/2,22,8,4,4,4,4
hawk_unicorn,1958,114,0-1,24,12,7,5,4,8
hawk_unicorn,1959,160,0-1,10,6,2,4,1,5
hawk_unicorn,1960,162,0-1,8,4,0,4,1,3
hawk_unicorn,1961,201,1-0,18,4,0,4,3,1
hawk_unicorn,1962,85,1-0,26,14,9,5,8,6
hawk_unicorn,1963,359,1/2-1/2,3,3,0,3,1,2
hawk_unicorn,1964,116,0-1,23,9,5,4,2,7
hawk_unicorn,1965,109,1-0,15,7,2,5,6,1
hawk_unicorn,1966,127,1-0,20,10,6,4,6,4
hawk_unicorn,1967,169,1/2-1/2,4,4,1,3,2,2
hawk_unicorn,1968,182,0-1,21,7,3,4,2,5
hawk_unicorn,1969,182,0-1,22,7,1,6,4,3
hawk_unicorn,1970,141,1-0,22,6,1,5,5,1
hawk_unicorn,1971,167,1-0,18,9,3,6,8,1
hawk_unicorn,1972,97,1-0,16,8,4,4,4,4
hawk_unicorn,1973,107,1-0,17,9,5,4,6,3
hawk_unicorn,1974,222,0-1,5,6,2,4,2,4
hawk_unicorn,1975,160,0-1,14,6,2,4,2,4
hawk_unicorn,1976,184,0-1,17,5,0,5,1,4
hawk_unicorn,1977,256,0-1,9,3,0,3,1,2
hawk_unicorn,1978,277,1/2-1/2,18,6,1,5,4,2
hawk_unicorn,1979,105,1/2-1/2,16,10,6,4,5,5
hawk_unicorn,1980,170,0-1,14,6,2,4,2,4
hawk_unicorn,1981,139,1-0,15,5,1,4,4,1
hawk_unicorn,1982,142,0-1,15,5,1,4,1,4
hawk_unicorn,1983,232,1/2-1/2,12,8,4,4,5,3
hawk_unicorn,1984,201,1-0,14,4,0,4,3,1
hawk_unicorn,1985,135,1-0,16,10,7,3,8,2
hawk_unicorn,1986,185,1-0,19,5,1,4,4,1
hawk_unicorn,1987,176,0-1,6,4,1,3,1,3
hawk_unicorn,1988,334,1/2-1/2,9,6,0,6,2,4
hawk_unicorn,1989,124,0-1,15,9,6,3,3,6
hawk_unicorn,1990,183,1-0,21,7,3,4,6,1
hawk_unicorn,1991,118,0-1,30,10,4,6,3,7
hawk_unicorn,1992,171,1-0,19,11,7,4,6,5
hawk_unicorn,1993,308,0-1,18,9,3,6,2,7
hawk_unicorn,1994,248,0-1,6,4,1,3,1,3
hawk_unicorn,1995,223,1/2-1/2,20,17,12,5,9,8
hawk_unicorn,1996,163,1-0,21,7,3,4,5,2
hawk_unicorn,1997,337,1/2-1/2,0,2,0,2,1,1
hawk_unicorn,1998,149,1-0,17,5,0,5,4,1
hawk_unicorn,1999,116,0-1,18,4,0,4,1,3
hawk_unicorn,2000,135,1-0,26,8,3,5,7,1
hawk_unicorn,2001,296,1/2-1/2,9,7,3,4,4,3
hawk_unicorn,2002,155,1-0,12,4,0,4,3,1
hawk_unicorn,2003,242,0-1,13,6,1,5,1,5
hawk_unicorn,2004,140,0-1,19,5,1,4,2,3
hawk_unicorn,2005,230,0-1,10,4,0,4,1,3
hawk_unicorn,2006,169,1-0,12,4,0,4,3,1
hawk_unicorn,2007,129,1/2-1/2,34,12,6,6,6,6
hawk_unicorn,2008,195,1-0,17,5,0,5,4,1
hawk_unicorn,2009,105,1-0,35,17,10,7,9,8
hawk_unicorn,2010,172,0-1,10,4,1,3,1,3
hawk_unicorn,2011,137,1-0,8,6,3,3,5,1
hawk_unicorn,2012,208,0-1,16,6,2,4,1,5
hawk_unicorn,2013,157,1-0,19,5,1,4,4,1
hawk_unicorn,2014,187,1-0,21,6,0,6,5,1
hawk_unicorn,2015,157,1-0,12,6,3,3,4,2
hawk_unicorn,2016,157,1-0,15,5,1,4,3,2
hawk_unicorn,2017,133,1-0,24,10,6,4,6,4
hawk_unicorn,2018,127,1-0,18,4,0,4,3,1
hawk_unicorn,2019,407,1/2-1/2,3,3,0,3,2,1
hawk_unicorn,2020,156,0-1,10,7,2,5,1,6
hawk_unicorn,2021,60,1/2-1/2,62,25,12,13,11,14
hawk_unicorn,2022,120,1/2-1/2,11,8,3,5,4,4
hawk_unicorn,2023,187,1-0,23,5,0,5,4,1
hawk_unicorn,2024,108,1/2-1/2,22,13,6,7,7,6
hawk_unicorn,2025,134,0-1,19,7,2,5,2,5
hawk_unicorn,2026,159,1-0,12,4,0,4,3,1
hawk_unicorn,2027,149,1-0,24,14,8,6,9,5
hawk_unicorn,2028,123,1-0,17,7,3,4,6,1
hawk_unicorn,2029,212,0-1,21,7,3,4,2,5
hawk_unicorn,2030,253,1/2-1/2,15,5,1,4,2,3
hawk_unicorn,2031,266,1/2-1/2,11,5,1,4,2,3
hawk_unicorn,2032,124,0-1,19,7,2,5,1,6
hawk_unicorn,2033,86,1/2-1/2,25,13,7,6,7,6
hawk_unicorn,2034,197,1-0,19,5,1,4,4,1
hawk_unicorn,2035,164,0-1,17,7,3,4,2,5
hawk_unicorn,2036,123,1-0,16,6,2,4,5,1
hawk_unicorn,2037,259,1-0,9,3,0,3,2,1
hawk_unicorn,2038,193,1-0,6,4,1,3,3,1
hawk_unicorn,2039,159,1-0,19,5,1,4,3,2
hawk_unicorn,2040,180,1/2-1/2,8,7,2,5,3,4
hawk_unicorn,2041,150,1/2-1/2,6,4,1,3,2,2
hawk_unicorn,2042,106,1/2-1/2,13,11,7,4,5,6
hawk_unicorn,2043,179,1-0,15,5,1,4,4,1
hawk_unicorn,2044,103,1-0,23,11,6,5,6,5
hawk_unicorn,2045,250,1/2-1/2,6,4,0,4,2,2
hawk_unicorn,2046,113,1/2-1/2,32,14,8,6,7,7
hawk_unicorn,2047,215,1-0,15,6,0,6,5,1
hawk_unicorn,2048,113,1/2-1/2,34,14,8,6,7,7
hawk_unicorn,2049,108,0-1,20,10,5,5,4,6
hawk_unicorn,2050,200,0-1,9,3,0,3,1,2
hawk_unicorn,2051,125,1-0,15,5,1,4,4,1
hawk_unicorn,2052,168,0-1,17,8,2,6,2,6
hawk_unicorn,2053,205,1-0,20,6,1,5,4,2
hawk_unicorn,2054,327,1/2-1/2,19,7,2,5,3,4
hawk_unicorn,2055,124,0-1,14,8,5,3,2,6
hawk_unicorn,2056,233,1-0,15,5,1,4,4,1
hawk_unicorn,2057,227,1-0,19,5,1,4,4,1
hawk_unicorn,2058,309,1/2-1/2,0,2,0,2,1,1
hawk_unicorn,2059,285,1/2-1/2,3,3,0,3,2,1
hawk_unicorn,2060,226,0-1,17,5,0,5,1,4
hawk_unicorn,2061,234,1/2-1/2,0,2,0,2,1,1
hawk_unicorn,2062,232,0-1,18,4,0,4,1,3
hawk_unicorn,2063,129,1-0,13,7,4,3,4,3
hawk_unicorn,2064,241,1-0,19,5,1,4,4,1
hawk_unicorn,2065,191,1-0,23,5,0,5,4,1
hawk_unicorn,2066,199,1-0,9,3,0,3,2,1
hawk_unicorn,2067,170,0-1,14,6,2,4,1,5
hawk_unicorn,2068,161,1-0,13,8,2,6,7,1
hawk_unicorn,2069,142,0-1,19,10,4,6,3,7
hawk_unicorn,2070,203,1/2-1/2,6,4,0,4,2,2
hawk_unicorn,2071,168,0-1,18,4,0,4,1,3
hawk_unicorn,2072,157,1-0,11,5,2,3,4,1
hawk_unicorn,2073,177,1-0,5,3,0,3,2,1
hawk_unicorn,2074,173,1-0,9,3,0,3,2,1
hawk_unicorn,2075,355,1/2-1/2,9,5,0,5,3,2
hawk_unicorn,2076,200,0-1,15,5,1,4,1,4
hawk_unicorn,2077,203,1-0,21,7,2,5,6,1
hawk_unicorn,2078,163,1-0,7,5,2,3,4,1
hawk_unicorn,2079,162,0-1,22,8,4,4,2,6
hawk_unicorn,2080,181,1-0,11,5,2,3,4,1
hawk_unicorn,2081,252,1/2-1/2,0,2,0,2,1,1
hawk_unicorn,2082,145,1-0,24,10,5,5,6,4
hawk_unicorn,2083,271,1-0,9,3,0,3,2,1
hawk_unicorn,2084,99,1/2-1/2,47,22,10,12,11,11
hawk_unicorn,2085,406,0-1,9,3,0,3,1,2
hawk_unicorn,2086,161,1-0,18,9,3,6,7,2
hawk_unicorn,2087,127,1-0,16,12,8,4,9,3
hawk_unicorn,2088,239,1-0,12,6,3,3,4,2
hawk_unicorn,2089,285,1-0,5,3,0,3,2,1
hawk_unicorn,2090,171,1-0,20,8,3,5,7,1
hawk_unicorn,2091,170,0-1,26,8,2,6,2,6
hawk_unicorn,2092,180,0-1,14,7,2,5,2,5
hawk_unicorn,2093,178,0-1,18,4,0,4,1,3
hawk_unicorn,2094,186,0-1,9,3,0,3,1,2
hawk_unicorn,2095,126,0-1,17,9,5,4,2,7
hawk_unicorn,2096,161,1-0,12,6,3,3,5,1
hawk_unicorn,2097,205,1/2-1/2,0,2,0,2,1,1
hawk_unicorn,2098,156,0-1,18,7,1,6,1,6
hawk_unicorn,2099,109,1/2-1/2,23,13,7,6,6,7
hawk_unicorn,2100,183,1-0,14,8,3,5,5,3
hawk_unicorn,2101,179,1-0,8,6,3,3,5,1
hawk_unicorn,2102,174,0-1,22,8,4,4,2,6
hawk_unicorn,2103,140,0-1,28,10,5,5,4,6
hawk_unicorn,2104,149,1-0,16,6,1,5,5,1
hawk_unicorn,2105,154,0-1,15,5,1,4,1,4
hawk_unicorn,2106,93,1-0,32,12,6,6,7,5
hawk_unicorn,2107,223,1-0,17,6,0,6,4,2
hawk_unicorn,2108,164,0-1,14,6,2,4,1,5
hawk_unicorn,2109,171,1-0,6,4,1,3,3,1
hawk_unicorn,2110,209,1/2-1/2,14,8,4,4,4,4
hawk_unicorn,2111,119,1-0,19,9,4,5,6,3
hawk_unicorn,2112,133,1-0,11,5,2,3,4,1
hawk_unicorn,2113,147,1/2-1/2,34,12,6,6,6,6
hawk_unicorn,2114,147,1-0,8,4,0,4,3,1
hawk_unicorn,2115,176,0-1,5,3,0,3,1,2
hawk_unicorn,2116,175,1-0,27,11,5,6,7,4
hawk_unicorn,2117,137,1-0,30,12,6,6,9,3
hawk_unicorn,2118,139,1-0,18,9,3,6,7,2
hawk_unicorn,2119,148,0-1,12,6,3,3,2,4
hawk_unicorn,2120,123,1-0,15,9,6,3,6,3
hawk_unicorn,2121,179,1-0,9,3,0,3,2,1
hawk_unicorn,2122,201,1-0,20,6,2,4,5,1
hawk_unicorn,2123,149,1-0,20,6,2,4,3,3
hawk_unicorn,2124,180,0-1,9,3,0,3,1,2
hawk_unicorn,2125,184,0-1,14,6,2,4,1,5
hawk_unicorn,2126,133,1-0,25,11,6,5,7,4
hawk_unicorn,2127,150,0-1,8,4,0,4,1,3
hawk_unicorn,2128,95,1/2-1/2,16,14,10,4,7,7
hawk_unicorn,2129,201,1/2-1/2,56,22,12,10,11,11
hawk_unicorn,2130,93,1-0,33,15,8,7,9,6
hawk_unicorn,2131,120,1/2-1/2,13,7,3,4,3,4
hawk_unicorn,2132,117,1-0,18,4,0,4,3,1
hawk_unicorn,2133,70,0-1,53,22,9,13,11,11
hawk_unicorn,2134,159,1-0,19,8,2,6,4,4
hawk_unicorn,2135,122,0-1,24,12,7,5,3,9
hawk_unicorn,2136,128,0-1,19,12,7,5,4,8
hawk_unicorn,2137,226,0-1,19,5,1,4,2,3
hawk_unicorn,2138,185,1-0,9,3,0,3,2,1
hawk_unicorn,2139,195,1-0,18,4,0,4,3,1
hawk_unicorn,2140,157,1-0,16,7,1,6,6,1
hawk_unicorn,2141,137,1/2-1/2,22,8,4,4,4,4
hawk_unicorn,2142,311,1/2-1/2,9,5,0,5,2,3
hawk_unicorn,2143,163,1-0,25,7,1,6,5,2
hawk_unicorn,2144,99,1/2-1/2,30,18,9,9,10,8
hawk_unicorn,2145,202,1/2-1/2,12,6,1,5,3,3
hawk_unicorn,2146,103,1-0,27,13,8,5,7,6
hawk_unicorn,2147,236,0-1,19,5,1,4,1,4
hawk_unicorn,2148,131,1-0,13,5,1,4,4,1
hawk_unicorn,2149,128,0-1,14,10,6,4,4,6
hawk_unicorn,2150,255,1-0,5,3,0,3,2,1
hawk_unicorn,2151,125,1-0,11,5,2,3,4,1
hawk_unicorn,2152,211,1-0,15,6,0,6,5,1
hawk_unicorn,2153,126,0-1,21,11,6,5,3,8
hawk_unicorn,2154,177,1-0,19,7,2,5,6,1
hawk_unicorn,2155,305,1/2-1/2,3,4,0,4,1,3
hawk_unicorn,2156,107,1-0,17,9,5,4,6,3
hawk_unicorn,2157,129,1-0,13,11,7,4,6,5
hawk_unicorn,2158,123,1-0,11,5,2,3,3,2
hawk_unicorn,2159,157,1-0,14,4,0,4,3,1
hawk_unicorn,2160,95,1-0,15,8,3,5,6,2
hawk_unicorn,2161,213,1-0,16,6,2,4,5,1
hawk_unicorn,2162,201,1-0,13,6,1,5,5,1
hawk_unicorn,2163,139,1-0,21,8,1,7,5,3
hawk_unicorn,2164,173,1-0,19,10,4,6,9,1
hawk_unicorn,2165,156,0-1,14,6,2,4,2,4
hawk_unicorn,2166,131,1-0,17,7,3,4,5,2
hawk_unicorn,2167,100,1/2-1/2,32,14,8,6,6,8
hawk_unicorn,2168,125,1-0,23,11,6,5,8,3
hawk_unicorn,2169,138,0-1,24,15,8,7,4,11
hawk_unicorn,2170,182,0-1,12,4,0,4,1,3
hawk_unicorn,2171,128,0-1,16,8,4,4,2,6
hawk_unicorn,2172,191,1-0,17,5,0,5,4,1
hawk_unicorn,2173,165,1-0,15,5,1,4,4,1
hawk_unicorn,2174,123,1-0,32,17,10,7,10,7
hawk_unicorn,2175,192,0-1,9,3,0,3,1,2
hawk_unicorn,2176,140,1/2-1/2,17,9,5,4,6,3
hawk_unicorn,2177,143,1-0,11,7,3,4,6,1
hawk_unicorn,2178,177,1-0,18,6,1,5,5,1
hawk_unicorn,2179,148,0-1,21,7,3,4,2,5
hawk_unicorn,2180,171,1-0,9,3,0,3,2,1
hawk_unicorn,2181,160,0-1,18,6,1,5,1,5
hawk_unicorn,2182,141,1-0,13,7,4,3,4,3
hawk_unicorn,2183,136,0-1,18,6,1,5,1,5
hawk_unicorn,2184,177,1-0,7,5,2,3,4,1
hawk_unicorn,2185,302,0-1,14,4,0,4,1,3
hawk_unicorn,2186,153,1-0,18,4,0,4,3,1
hawk_unicorn,2187,165,1-0,6,4,1,3,3,1
hawk_unicorn,2188,117,1-0,16,8,4,4,6,2
hawk_unicorn,2189,147,1-0,17,9,5,4,6,3
hawk_unicorn,2190,204,0-1,15,5,1,4,1,4
hawk_unicorn,2191,262,1/2-1/2,10,4,0,4,2,2
hawk_unicorn,2192,161,1-0,18,4,0,4,3,1
hawk_unicorn,2193,188,0-1,11,5,1,4,2,3
hawk_unicorn,2194,77,1/2-1/2,49,19,10,9,9,10
hawk_unicorn,2195,129,1-0,13,7,4,3,5,2
hawk_unicorn,2196,134,1/2-1/2,32,14,8,6,7,7
hawk_unicorn,2197,119,1/2-1/2,52,20,8,12,9,11
hawk_unicorn,2198,159,1-0,16,8,4,4,6,2
hawk_unicorn,2199,182,1/2-1/2,31,13,7,6,8,5
hawk_unicorn,2200,157,1-0,12,8,4,4,6,2
hawk_unicorn,2201,72,1/2-1/2,40,23,12,11,11,12
hawk_unicorn,2202,270,0-1,21,9,4,5,2,7
hawk_unicorn,2203,150,0-1,19,5,1,4,1,4
hawk_unicorn,2204,277,1/2-1/2,3,3,0,3,1,2
hawk_unicorn,2205,91,1/2-1/2,62,25,12,13,13,12
hawk_unicorn,2206,198,0-1,20,6,2,4,1,5
hawk_unicorn,2207,228,1/2-1/2,6,4,1,3,2,2
hawk_unicorn,2208,146,0-1,18,8,3,5,2,6
hawk_unicorn,2209,125,1-0,16,8,4,4,6,2
hawk_unicorn,2210,117,1/2-1/2,20,8,3,5,3,5
hawk_unicorn,2211,182,0-1,13,5,1,4,1,4
hawk_unicorn,2212,124,1/2-1/2,33,13,7,6,7,6
hawk_unicorn,2213,161,1-0,22,8,2,6,6,2
hawk_unicorn,2214,193,1-0,11,5,2,3,3,2
hawk_unicorn,2215,334,1/2-1/2,10,9,4,5,5,4
hawk_unicorn,2216,149,1-0,18,6,1,5,5,1
hawk_unicorn,2217,185,1-0,16,6,2,4,5,1
hawk_unicorn,2218,194,0-1,9,3,0,3,1,2
hawk_unicorn,2219,167,1-0,10,4,1,3,3,1
hawk_unicorn,2220,140,0-1,23,9,5,4,3,6
hawk_unicorn,2221,151,1-0,11,5,2,3,4,1
hawk_unicorn,2222,141,1-0,13,9,5,4,7,2
hawk_unicorn,2223,138,0-1,13,7,4,3,2,5
hawk_unicorn,2224,361,1-0,11,9,5,4,6,3
hawk_unicorn,2225,302,0-1,3,4,0,4,1,3
hawk_unicorn,2226,113,1-0,19,11,7,4,7,4
hawk_unicorn,2227,164,0-1,20,6,2,4,3,3
hawk_unicorn,2228,168,1/2-1/2,23,11,5,6,5,6
hawk_unicorn,2229,129,1-0,21,9,4,5,7,2
hawk_unicorn,2230,71,1/2-1/2,32,18,8,10,8,10
hawk_unicorn,2231,165,1-0,11,5,2,3,4,1
hawk_unicorn,2232,390,1/2-1/2,6,4,0,4,2,2
hawk_unicorn,2233,194,0-1,12,5,0,5,1,4
hawk_unicorn,2234,153,1-0,9,3,0,3,2,1
hawk_unicorn,2235,141,1-0,12,6,3,3,4,2
hawk_unicorn,2236,210,0-1,5,3,0,3,1,2
hawk_unicorn,2237,189,1-0,14,6,2,4,5,1
hawk_unicorn,2238,153,1-0,16,6,1,5,5,1
hawk_unicorn,2239,205,1-0,15,7,3,4,5,2
hawk_unicorn,2240,120,1/2-1/2,16,11,5,6,7,4
hawk_unicorn,2241,164,0-1,19,5,1,4,1,4
hawk_unicorn,2242,169,1-0,17,9,5,4,7,2
hawk_unicorn,2243,163,1-0,9,5,1,4,4,1
hawk_unicorn,2244,117,1-0,21,11,7,4,6,5
hawk_unicorn,2245,302,1/2-1/2,3,3,0,3,1,2
hawk_unicorn,2246,236,1/2-1/2,17,11,7,4,5,6
hawk_unicorn,2247,75,1/2-1/2,51,19,10,9,10,9
hawk_unicorn,2248,133,1-0,12,6,1,5,4,2
hawk_unicorn,2249,137,1-0,18,8,4,4,6,2
hawk_unicorn,2250,63,1/2-1/2,32,18,11,7,9,9
hawk_unicorn,2251,166,0-1,21,7,3,4,2,5
hawk_unicorn,2252,77,1/2-1/2,56,24,10,14,12,12
hawk_unicorn,2253,127,1-0,22,8,4,4,6,2
hawk_unicorn,2254,205,1-0,22,8,4,4,6,2
hawk_unicorn,2255,119,1/2-1/2,16,10,5,5,5,5
hawk_unicorn,2256,119,1/2-1/2,28,11,3,8,7,4
hawk_unicorn,2257,139,1-0,17,7,3,4,6,1
hawk_unicorn,2258,149,1-0,20,6,2,4,3,3
hawk_unicorn,2259,337,1/2-1/2,3,3,0,3,2,1
hawk_unicorn,2260,125,1-0,31,12,4,8,10,2
hawk_unicorn,2261,148,0-1,15,5,1,4,1,4
hawk_unicorn,2262,139,1-0,16,14,11,3,8,6
hawk_unicorn,2263,182,0-1,18,4,0,4,1,3
hawk_unicorn,2264,155,1/2-1/2,24,14,8,6,7,7
hawk_unicorn,2265,167,1-0,12,4,0,4,3,1
hawk_unicorn,2266,175,1-0,10,4,1,3,2,2
hawk_unicorn,2267,137,1-0,18,4,0,4,3,1
hawk_unicorn,2268,269,1-0,9,3,0,3,2,1
hawk_unicorn,2269,189,1-0,12,4,0,4,3,1
hawk_unicorn,2270,245,1-0,14,4,0,4,3,1
hawk_unicorn,2271,142,0-1,19,5,1,4,2,3
hawk_unicorn,2272,167,1/2-1/2,10,4,0,4,2,2
hawk_unicorn,2273,133,1-0,16,7,1,6,6,1
hawk_unicorn,2274,157,1-0,28,13,5,8,7,6
hawk_unicorn,2275,214,0-1,15,5,0,5,1,4
hawk_unicorn,2276,142,0-1,16,6,2,4,1,5
hawk_unicorn,2277,180,0-1,21,7,3,4,2,5
hawk_unicorn,2278,155,1-0,25,9,4,5,6,3
hawk_unicorn,2279,204,0-1,21,7,2,5,3,4
hawk_unicorn,2280,159,1-0,15,5,1,4,4,1
hawk_unicorn,2281,189,1-0,12,4,0,4,3,1
hawk_unicorn,2282,190,0-1,18,4,0,4,1,3
hawk_unicorn,2283,199,1-0,5,3,0,3,2,1
hawk_unicorn,2284,189,1-0,21,7,3,4,5,2
hawk_unicorn,2285,169,1/2-1/2,11,5,1,4,3,2
hawk_unicorn,2286,142,1/2-1/2,12,6,2,4,3,3
hawk_unicorn,2287,121,1-0,18,10,6,4,7,3
hawk_unicorn,2288,153,1-0,14,8,5,3,6,2
hawk_unicorn,2289,126,0-1,21,9,4,5,2,7
hawk_unicorn,2290,83,1-0,27,15,10,5,10,5
hawk_unicorn,2291,161,1-0,9,5,1,4,4,1
hawk_unicorn,2292,136,0-1,12,8,4,4,1,7
hawk_unicorn,2293,121,1-0,11,5,2,3,4,1
hawk_unicorn,2294,323,1/2-1/2,3,3,0,3,1,2
hawk_unicorn,2295,199,1-0,16,6,2,4,5,1
hawk_unicorn,2296,112,0-1,27,9,4,5,3,6
hawk_unicorn,2297,63,1/2-1/2,62,23,9,14,11,12
hawk_unicorn,2298,174,0-1,14,7,2,5,1,6
hawk_unicorn,2299,202,0-1,18,4,0,4,1,3
hawk_unicorn,2300,226,0-1,9,3,0,3,1,2
hawk_unicorn,2301,356,1/2-1/2,3,3,0,3,1,2
hawk_unicorn,2302,167,1-0,16,6,2,4,5,1
hawk_unicorn,2303,216,0-1,20,8,3,5,3,5
hawk_unicorn,2304,138,0-1,27,13,9,4,4,9
hawk_unicorn,2305,221,1/2-1/2,3,3,0,3,2,1
hawk_unicorn,2306,172,0-1,10,6,2,4,1,5
hawk_unicorn,2307,197,1-0,18,6,0,6,5,1
hawk_unicorn,2308,200,0-1,6,4,1,3,1,3
hawk_unicorn,2309,125,1/2-1/2,24,10,6,4,5,5
hawk_unicorn,2310,218,0-1,18,6,0,6,1,5
hawk_unicorn,2311,194,0-1,5,3,0,3,1,2
hawk_unicorn,2312,156,0-1,10,4,1,3,1,3
hawk_unicorn,2313,141,1-0,18,12,7,5,9,3
hawk_unicorn,2314,129,1-0,23,7,2,5,6,1
hawk_unicorn,2315,113,1-0,15,7,3,4,5,2
hawk_unicorn,2316,228,0-1,5,3,0,3,1,2
hawk_unicorn,2317,124,0-1,18,8,4,4,1,7
hawk_unicorn,2318,129,1/2-1/2,9,7,3,4,4,3
hawk_unicorn,2319,148,0-1,14,6,2,4,1,5
hawk_unicorn,2320,159,1-0,12,6,3,3,3,3
hawk_unicorn,2321,197,1-0,12,4,0,4,3,1
hawk_unicorn,2322,171,1-0,9,3,0,3,2,1
hawk_unicorn,2323,149,1-0,13,5,1,4,4,1
hawk_unicorn,2324,177,1/2-1/2,15,7,1,6,3,4
hawk_unicorn,2325,189,1/2-1/2,12,6,2,4,3,3
hawk_unicorn,2326,148,0-1,9,7,4,3,1,6
hawk_unicorn,2327,247,1-0,12,4,0,4,3,1
hawk_unicorn,2328,114,0-1,25,14,7,7,5,9
hawk_unicorn,2329,186,0-1,15,6,0,6,1,5
hawk_unicorn,2330,155,1/2-1/2,12,9,4,5,5,4
hawk_unicorn,2331,223,1-0,19,5,1,4,4,1
hawk_unicorn,2332,141,1-0,20,6,2,4,5,1
hawk_unicorn,2333,168,0-1,5,3,0,3,1,2
hawk_unicorn,2334,159,1-0,12,4,0,4,3,1
hawk_unicorn,2335,212,0-1,18,8,3,5,2,6
hawk_unicorn,2336,185,1-0,11,5,2,3,4,1
hawk_unicorn,2337,162,0-1,13,6,1,5,1,5
hawk_unicorn,2338,135,1-0,16,12,7,5,9,3
hawk_unicorn,2339,404,1/2-1/2,6,4,0,4,2,2
hawk_unicorn,2340,167,1-0,12,4,0,4,3,1
hawk_unicorn,2341,177,1-0,9,3,0,3,2,1
hawk_unicorn,2342,161,1-0,18,4,0,4,3,1
hawk_unicorn,2343,182,0-1,17,5,0,5,1,4
hawk_unicorn,2344,171,1-0,12,4,0,4,3,1
hawk_unicorn,2345,256,1/2-1/2,3,5,3,2,3,2
hawk_unicorn,2346,111,1-0,9,7,4,3,5,2
hawk_unicorn,2347,298,0-1,9,3,0,3,1,2
hawk_unicorn,2348,185,1-0,19,5,1,4,4,1
hawk_unicorn,2349,81,1-0,35,17,11,6,11,6
hawk_unicorn,2350,137,1-0,20,8,3,5,7,1
hawk_unicorn,2351,115,1/2-1/2,31,20,11,9,9,11
hawk_unicorn,2352,235,1-0,9,5,1,4,4,1
hawk_unicorn,2353,111,1-0,21,7,3,4,6,1
hawk_unicorn,2354,115,1-0,15,11,7,4,8,3
hawk_unicorn,2355,117,1-0,21,9,3,6,7,2
hawk_unicorn,2356,192,0-1,13,5,1,4,1,4
hawk_unicorn,2357,287,1-0,20,6,2,4,4,2
hawk_unicorn,2358,333,1/2-1/2,13,9,5,4,4,5
hawk_unicorn,2359,118,0-1,27,14,6,8,6,8
hawk_unicorn,2360,96,0-1,34,17,9,8,5,12
hawk_unicorn,2361,135,1-0,10,4,1,3,3,1
hawk_unicorn,2362,204,0-1,17,5,0,5,1,4
hawk_unicorn,2363,157,1-0,10,6,2,4,5,1
hawk_unicorn,2364,161,1-0,11,5,0,5,4,1
hawk_unicorn,2365,151,1-0,18,8,3,5,7,1
hawk_unicorn,2366,263,1/2-1/2,6,4,0,4,2,2
hawk_unicorn,2367,174,0-1,9,5,1,4,1,4
hawk_unicorn,2368,110,1/2-1/2,18,12,3,9,5,7
hawk_unicorn,2369,180,0-1,15,7,3,4,1,6
hawk_unicorn,2370,187,1/2-1/2,22,10,3,7,4,6
hawk_unicorn,2371,272,1/2-1/2,21,11,6,5,5,6
hawk_unicorn,2372,184,1/2-1/2,13,7,3,4,4,3
hawk_unicorn,2373,104,1/2-1/2,33,20,11,9,9,11
hawk_unicorn,2374,149,1-0,12,6,3,3,5,1
hawk_unicorn,2375,140,0-1,20,11,5,6,1,10
hawk_unicorn,2376,137,1-0,14,8,4,4,7,1
hawk_unicorn,2377,151,1-0,14,8,3,5,7,1
hawk_unicorn,2378,329,1/2-1/2,3,4,0,4,3,1
hawk_unicorn,2379,227,1-0,8,4,0,4,3,1
hawk_unicorn,2380,158,0-1,19,11,6,5,5,6
hawk_unicorn,2381,122,0-1,19,9,5,4,3,6
hawk_unicorn,2382,206,0-1,17,5,0,5,1,4
hawk_unicorn,2383,271,1/2-1/2,6,4,0,4,1,3
hawk_unicorn,2384,124,0-1,19,5,1,4,2,3
hawk_unicorn,2385,131,1/2-1/2,34,12,6,6,5,7
hawk_unicorn,2386,97,1-0,20,6,2,4,5,1
hawk_unicorn,2387,161,1/2-1/2,16,11,4,7,5,6
hawk_unicorn,2388,161,1-0,19,5,1,4,4,1
hawk_unicorn,2389,183,1-0,10,4,1,3,3,1
hawk_unicorn,2390,118,0-1,17,9,5,4,2,7
hawk_unicorn,2391,235,1/2-1/2,7,5,1,4,3,2
hawk_unicorn,2392,133,1-0,20,9,3,6,8,1
hawk_unicorn,2393,236,0-1,21,6,0,6,1,5
hawk_unicorn,2394,128,0-1,17,9,5,4,4,5
hawk_unicorn,2395,190,1/2-1/2,22,8,4,4,4,4
hawk_unicorn,2396,161,1/2-1/2,4,4,1,3,2,2
hawk_unicorn,2397,135,1-0,18,9,3,6,7,2
hawk_unicorn,2398,156,1/2-1/2,10,4,0,4,2,2
hawk_unicorn,2399,308,1/2-1/2,11,5,1,4,2,3
hawk_unicorn,2400,138,0-1,20,6,2,4,1,5
hawk_unicorn,2401,113,1-0,36,21,12,9,13,8
hawk_unicorn,2402,158,0-1,19,7,2,5,2,5
hawk_unicorn,2403,172,0-1,18,6,1,5,1,5
hawk_unicorn,2404,152,0-1,18,6,1,5,2,4
hawk_unicorn,2405,208,0-1,21,7,3,4,1,6
hawk_unicorn,2406,147,1-0,23,7,2,5,6,1
hawk_unicorn,2407,206,1/2-1/2,22,12,6,6,6,6
hawk_unicorn,2408,150,0-1,23,9,5,4,3,6
hawk_unicorn,2409,353,1/2-1/2,3,3,0,3,2,1
hawk_unicorn,2410,143,1-0,10,4,1,3,2,2
hawk_unicorn,2411,139,1-0,12,4,0,4,3,1
hawk_unicorn,2412,97,1-0,17,9,5,4,7,2
hawk_unicorn,2413,280,1/2-1/2,11,5,0,5,3,2
hawk_unicorn,2414,163,1-0,21,7,3,4,5,2
hawk_unicorn,2415,331,1/2-1/2,0,2,0,2,1,1
hawk_unicorn,2416,198,0-1,12,4,0,4,1,3
hawk_unicorn,2417,132,1/2-1/2,2,4,2,2,2,2
hawk_unicorn,2418,149,1-0,22,8,4,4,6,2
hawk_unicorn,2419,166,0-1,19,5,1,4,1,4
hawk_unicorn,2420,206,0-1,9,3,0,3,1,2
hawk_unicorn,2421,130,1/2-1/2,15,7,2,5,4,3
hawk_unicorn,2422,175,1/2-1/2,20,12,4,8,6,6
hawk_unicorn,2423,144,0-1,20,10,6,4,4,6
hawk_unicorn,2424,156,0-1,18,4,0,4,1,3
hawk_unicorn,2425,151,1-0,10,4,1,3,3,1
hawk_unicorn,2426,171,1-0,22,8,4,4,6,2
hawk_unicorn,2427,149,1-0,18,4,0,4,3,1
hawk_unicorn,2428,219,1-0,12,7,1,6,6,1
hawk_unicorn,2429,112,0-1,19,7,2,5,1,6
hawk_unicorn,2430,183,1-0,14,4,0,4,3,1
hawk_unicorn,2431,163,1-0,15,9,4,5,7,2
hawk_unicorn,2432,313,1/2-1/2,0,2,0,2,1,1
hawk_unicorn,2433,198,0-1,9,3,0,3,1,2
hawk_unicorn,2434,261,1-0,13,5,1,4,4,1
hawk_unicorn,2435,115,1/2-1/2,3,5,3,2,2,3
hawk_unicorn,2436,283,1/2-1/2,0,2,0,2,1,1
hawk_unicorn,2437,185,1-0,15,5,1,4,3,2
hawk_unicorn,2438,111,1/2-1/2,21,16,9,7,9,7
hawk_unicorn,2439,135,1-0,10,7,2,5,6,1
hawk_unicorn,2440,138,0-1,21,7,3,4,1,6
hawk_unicorn,2441,150,0-1,19,9,4,5,1,8
hawk_unicorn,2442,220,0-1,8,4,0,4,1,3
hawk_unicorn,2443,161,1-0,11,5,2,3,4,1
hawk_unicorn,2444,119,1-0,19,5,1,4,3,2
hawk_unicorn,2445,200,0-1,17,5,0,5,1,4
hawk_unicorn,2446,150,0-1,12,6,3,3,2,4
hawk_unicorn,2447,178,0-1,9,3,0,3,1,2
hawk_unicorn,2448,166,1/2-1/2,20,8,3,5,3,5
hawk_unicorn,2449,194,0-1,16,8,4,4,2,6
hawk_unicorn,2450,119,1-0,22,10,4,6,7,3
hawk_unicorn,2451,143,1-0,19,9,5,4,5,4
hawk_unicorn,2452,191,1-0,12,5,0,5,4,1
hawk_unicorn,2453,152,0-1,11,5,2,3,1,4
hawk_unicorn,2454,203,1-0,11,5,2,3,3,2
hawk_unicorn,2455,127,1-0,16,6,2,4,5,1
hawk_unicorn,2456,220,0-1,5,3,0,3,1,2
hawk_unicorn,2457,138,0-1,12,6,3,3,2,4
hawk_unicorn,2458,279,1/2-1/2,20,9,1,8,4,5
hawk_unicorn,2459,190,0-1,14,8,5,3,1,7
hawk_unicorn,2460,129,1-0,9,7,4,3,6,1
hawk_unicorn,2461,240,0-1,9,6,0,6,1,5
hawk_unicorn,2462,116,0-1,15,7,3,4,2,5
hawk_unicorn,2463,167,1-0,16,6,2,4,5,1
hawk_unicorn,2464,155,1-0,11,5,2,3,4,1
hawk_unicorn,2465,144,0-1,11,5,1,4,1,4
hawk_unicorn,2466,209,1-0,9,3,0,3,2,1
hawk_unicorn,2467,70,0-1,40,22,12,10,10,12
hawk_unicorn,2468,137,1/2-1/2,18,11,4,7,5,6
hawk_unicorn,2469,221,1-0,23,7,1,6,5,2
hawk_unicorn,2470,125,1-0,16,8,3,5,7,1
hawk_unicorn,2471,72,1/2-1/2,34,20,10,10,9,11
hawk_unicorn,2472,208,0-1,7,5,2,3,2,3
hawk_unicorn,2473,104,0-1,19,9,5,4,2,7
hawk_unicorn,2474,153,1-0,8,7,2,5,6,1
hawk_unicorn,2475,106,0-1,26,12,7,5,5,7
hawk_unicorn,2476,151,1-0,15,5,1,4,4,1
hawk_unicorn,2477,165,1-0,12,4,0,4,3,1
hawk_unicorn,2478,248,0-1,21,5,0,5,1,4
hawk_unicorn,2479,195,1-0,27,8,1,7,7,1
hawk_unicorn,2480,101,1-0,15,9,4,5,7,2
hawk_unicorn,2481,105,1-0,24,12,7,5,8,4
hawk_unicorn,2482,117,1-0,15,5,1,4,4,1
hawk_unicorn,2483,226,0-1,12,4,0,4,1,3
hawk_unicorn,2484,246,0-1,9,3,0,3,1,2
hawk_unicorn,2485,348,0-1,15,5,1,4,1,4
hawk_unicorn,2486,159,1-0,15,5,1,4,4,1
hawk_unicorn,2487,159,1-0,19,5,1,4,4,1
hawk_unicorn,2488,180,0-1,20,6,2,4,1,5
hawk_unicorn,2489,168,0-1,17,7,2,5,1,6
hawk_unicorn,2490,108,0-1,17,9,4,5,1,8
hawk_unicorn,2491,184,0-1,5,3,0,3,1,2
hawk_unicorn,2492,143,1-0,21,10,3,7,9,1
hawk_unicorn,2493,149,1-0,16,8,4,4,7,1
hawk_unicorn,2494,199,1-0,21,5,0,5,4,1
hawk_unicorn,2495,380,1/2-1/2,8,4,0,4,2,2
hawk_unicorn,2496,121,1-0,21,7,3,4,6,1
hawk_unicorn,2497,221,1/2-1/2,36,18,9,9,9,9
hawk_unicorn,2498,123,1-0,21,7,3,4,6,1
hawk_unicorn,2499,125,1-0,19,7,2,5,6,1
hawk_unicorn,2500,84,1/2-1/2,44,15,4,11,6,9
hawk_unicorn,2501,172,0-1,12,8,4,4,2,6
hawk_unicorn,2502,95,1-0,23,13,9,4,9,4
hawk_unicorn,2503,195,1-0,10,4,0,4,3,1
hawk_unicorn,2504,156,0-1,17,5,0,5,1,4
hawk_unicorn,2505,133,1-0,25,9,4,5,7,2
hawk_unicorn,2506,184,0-1,15,5,1,4,1,4
hawk_unicorn,2507,152,0-1,22,8,4,4,1,7
hawk_unicorn,2508,60,1/2-1/2,52,22,8,14,11,11
hawk_unicorn,2509,139,1-0,15,5,1,4,4,1
hawk_unicorn,2510,162,1/2-1/2,33,15,9,6,7,8
hawk_unicorn,2511,297,1-0,12,5,0,5,4,1
hawk_unicorn,2512,156,0-1,10,4,1,3,1,3
hawk_unicorn,2513,126,0-1,13,7,3,4,2,5
hawk_unicorn,2514,167,1-0,13,10,5,5,9,1
hawk_unicorn,2515,135,1-0,21,11,7,4,7,4
hawk_unicorn,2516,252,0-1,7,5,2,3,1,4
hawk_unicorn,2517,135,1-0,8,4,0,4,3,1
hawk_unicorn,2518,137,1-0,13,7,4,3,5,2
hawk_unicorn,2519,158,0-1,19,5,1,4,1,4
hawk_unicorn,2520,248,0-1,15,7,3,4,2,5
hawk_unicorn,2521,141,1/2-1/2,12,6,2,4,3,3
hawk_unicorn,2522,157,1-0,17,8,2,6,7,1
hawk_unicorn,2523,145,1-0,23,12,5,7,9,3
hawk_unicorn,2524,151,1-0,18,4,0,4,3,1
hawk_unicorn,2525,135,1/2-1/2,20,10,4,6,5,5
hawk_unicorn,2526,153,1-0,13,5,1,4,4,1
hawk_unicorn,2527,139,1-0,12,6,3,3,5,1
hawk_unicorn,2528,170,0-1,24,6,0,6,1,5
hawk_unicorn,2529,142,0-1,19,9,4,5,2,7
hawk_unicorn,2530,105,1-0,32,14,8,6,9,5
hawk_unicorn,2531,118,1/2-1/2,20,6,2,4,3,3
hawk_unicorn,2532,102,1/2-1/2,32,13,6,7,5,8
hawk_unicorn,2533,171,1-0,21,7,3,4,6,1
hawk_unicorn,2534,101,1/2-1/2,26,12,8,4,6,6
hawk_unicorn,2535,212,1/2-1/2,7,5,1,4,2,3
hawk_unicorn,2536,91,1/2-1/2,41,18,9,9,8,10
hawk_unicorn,2537,108,0-1,13,7,2,5,1,6
hawk_unicorn,2538,135,1-0,15,12,6,6,8,4
hawk_unicorn,2539,60,1/2-1/2,79,33,14,19,17,16
hawk_unicorn,2540,165,1-0,16,8,4,4,6,2
hawk_unicorn,2541,121,1-0,25,14,8,6,6,8
hawk_unicorn,2542,131,1-0,13,7,4,3,6,1
hawk_unicorn,2543,188,0-1,16,6,2,4,2,4
hawk_unicorn,2544,201,1-0,14,4,0,4,3,1
hawk_unicorn,2545,93,1-0,23,11,6,5,9,2
hawk_unicorn,2546,139,1-0,21,7,3,4,5,2
hawk_unicorn,2547,190,0-1,20,6,2,4,2,4
hawk_unicorn,2548,128,1/2-1/2,16,12,4,8,6,6
hawk_unicorn,2549,97,1-0,30,12,7,5,9,3
hawk_unicorn,2550,310,1/2-1/2,8,4,0,4,2,2
hawk_unicorn,2551,182,0-1,15,6,0,6,1,5
hawk_unicorn,2552,202,0-1,10,6,2,4,1,5
hawk_unicorn,2553,243,1-0,12,4,0,4,3,1
hawk_unicorn,2554,114,0-1,26,8,3,5,3,5
hawk_unicorn,2555,263,1/2-1/2,0,2,0,2,1,1
hawk_unicorn,2556,252,0-1,5,3,0,3,1,2
hawk_unicorn,2557,110,1/2-1/2,14,8,4,4,4,4
hawk_unicorn,2558,299,1-0,14,6,2,4,4,2
hawk_unicorn,2559,169,1-0,8,6,3,3,4,2
hawk_unicorn,2560,183,1-0,13,6,1,5,5,1
hawk_unicorn,2561,402,1/2-1/2,1,3,1,2,1,2
hawk_unicorn,2562,125,1-0,16,6,2,4,4,2
hawk_unicorn,2563,106,1/2-1/2,5,5,2,3,2,3
hawk_unicorn,2564,126,1/2-1/2,10,8,4,4,4,4
hawk_unicorn,2565,158,1/2-1/2,8,6,2,4,3,3
hawk_unicorn,2566,103,1/2-1/2,40,18,12,6,9,9
hawk_unicorn,2567,170,1/2-1/2,21,11,5,6,5,6
hawk_unicorn,2568,109,1-0,20,10,4,6,8,2
hawk_unicorn,2569,125,1-0,25,11,7,4,8,3
hawk_unicorn,2570,295,1/2-1/2,0,2,0,2,1,1
hawk_unicorn,2571,76,1/2-1/2,42,22,10,12,11,11
hawk_unicorn,2572,123,1-0,12,6,3,3,4,2
hawk_unicorn,2573,113,1/2-1/2,10,8,4,4,4,4
hawk_unicorn,2574,111,1-0,18,11,6,5,9,2
hawk_unicorn,2575,336,1/2-1/2,8,6,2,4,3,3
hawk_unicorn,2576,144,0-1,14,4,0,4,1,3
hawk_unicorn,2577,234,0-1,12,6,1,5,1,5
hawk_unicorn,2578,209,1-0,10,4,1,3,3,1
hawk_unicorn,2579,160,0-1,9,7,3,4,3,4
hawk_unicorn,2580,91,1-0,23,11,6,5,8,3
hawk_unicorn,2581,186,0-1,20,6,2,4,1,5
hawk_unicorn,2582,227,1/2-1/2,15,9,5,4,5,4
hawk_unicorn,2583,148,0-1,13,5,1,4,1,4
hawk_unicorn,2584,137,1-0,17,7,2,5,5,2
hawk_unicorn,2585,179,1-0,8,4,0,4,3,1
hawk_unicorn,2586,130,0-1,10,6,2,4,1,5
hawk_unicorn,2587,89,1/2-1/2,26,16,10,6,8,8
hawk_unicorn,2588,237,1-0,9,3,0,3,2,1
hawk_unicorn,2589,165,1-0,5,3,0,3,2,1
hawk_unicorn,2590,291,1/2-1/2,6,4,0,4,1,3
hawk_unicorn,2591,160,0-1,21,9,4,5,2,7
hawk_unicorn,2592,123,1-0,18,10,6,4,7,3
hawk_unicorn,2593,110,0-1,19,9,5,4,4,5
hawk_unicorn,2594,168,0-1,12,4,0,4,1,3
hawk_unicorn,2595,192,0-1,12,4,0,4,1,3
hawk_unicorn,2596,133,1-0,16,7,1,6,6,1
hawk_unicorn,2597,172,0-1,9,3,0,3,1,2
hawk_unicorn,2598,166,0-1,13,5,1,4,1,4
hawk_unicorn,2599,325,1-0,19,5,1,4,4,1
hawk_unicorn,2600,110,1/2-1/2,14,8,4,4,4,4
hawk_unicorn,2601,154,0-1,15,7,3,4,1,6
hawk_unicorn,2602,117,1-0,17,11,8,3,7,4
hawk_unicorn,2603,165,1-0,13,5,1,4,3,2
hawk_unicorn,2604,163,1-0,15,5,1,4,4,1
hawk_unicorn,2605,302,1/2-1/2,3,3,0,3,1,2
hawk_unicorn,2606,134,0-1,13,7,4,3,2,5
hawk_unicorn,2607,134,0-1,14,8,3,5,2,6
hawk_unicorn,2608,196,0-1,25,9,3,6,3,6
hawk_unicorn,2609,226,0-1,18,6,1,5,1,5
hawk_unicorn,2610,130,0-1,16,6,2,4,1,5
hawk_unicorn,2611,183,1-0,5,3,0,3,2,1
hawk_unicorn,2612,162,1/2-1/2,14,12,8,4,6,6
hawk_unicorn,2613,125,1-0,19,7,2,5,5,2
hawk_unicorn,2614,242,0-1,11,5,2,3,1,4
hawk_unicorn,2615,118,0-1,20,6,2,4,1,5
hawk_unicorn,2616,190,0-1,21,6,0,6,1,5
hawk_unicorn,2617,167,1-0,11,5,1,4,4,1
hawk_unicorn,2618,137,1-0,13,7,4,3,6,1
hawk_unicorn,2619,105,1/2-1/2,15,9,5,4,5,4
hawk_unicorn,2620,257,1/2-1/2,17,11,7,4,6,5
hawk_unicorn,2621,149,1-0,18,8,3,5,6,2
hawk_unicorn,2622,107,1-0,23,11,6,5,7,4
hawk_unicorn,2623,209,1-0,18,6,1,5,5,1
hawk_unicorn,2624,99,1/2-1/2,30,19,10,9,10,9
hawk_unicorn,2625,156,0-1,13,6,1,5,1,5
hawk_unicorn,2626,165,1-0,10,6,2,4,5,1
hawk_unicorn,2627,141,1/2-1/2,2,4,2,2,2,2
hawk_unicorn,2628,129,1/2-1/2,13,7,3,4,4,3
hawk_unicorn,2629,46,0-1,58,25,13,12,11,14
hawk_unicorn,2630,155,1-0,17,7,2,5,6,1
hawk_unicorn,2631,148,1/2-1/2,12,6,2,4,3,3
hawk_unicorn,2632,151,1-0,19,5,1,4,4,1
hawk_unicorn,2633,133,1-0,20,6,1,5,3,3
hawk_unicorn,2634,210,0-1,9,3,0,3,1,2
hawk_unicorn,2635,186,0-1,8,4,0,4,1,3
hawk_unicorn,2636,73,1/2-1/2,47,18,7,11,8,10
hawk_unicorn,2637,253,1/2-1/2,6,5,0,5,3,2
hawk_unicorn,2638,201,1-0,16,6,2,4,4,2
hawk_unicorn,2639,123,1/2-1/2,23,12,6,6,6,6
hawk_unicorn,2640,258,1/2-1/2,0,2,0,2,1,1
hawk_unicorn,2641,84,1/2-1/2,36,18,10,8,9,9
hawk_unicorn,2642,168,0-1,10,7,1,6,2,5
hawk_unicorn,2643,179,1-0,18,4,0,4,3,1
hawk_unicorn,2644,151,1-0,11,7,3,4,5,2
hawk_unicorn,2645,174,0-1,13,5,1,4,1,4
hawk_unicorn,2646,163,1/2-1/2,11,5,1,4,3,2
hawk_unicorn,2647,194,0-1,13,7,2,5,1,6
hawk_unicorn,2648,145,1-0,14,6,2,4,5,1
hawk_unicorn,2649,138,0-1,14,4,0,4,1,3
hawk_unicorn,2650,243,1/2-1/2,17,5,0,5,2,3
hawk_unicorn,2651,173,1-0,14,8,5,3,7,1
hawk_unicorn,2652,161,1-0,5,3,0,3,2,1
hawk_unicorn,2653,174,0-1,4,4,1,3,1,3
hawk_unicorn,2654,107,1-0,23,15,7,8,9,6
hawk_unicorn,2655,156,0-1,27,11,6,5,3,8
hawk_unicorn,2656,155,1-0,18,12,9,3,7,5
hawk_unicorn,2657,189,1-0,9,3,0,3,2,1
hawk_unicorn,2658,129,1-0,10,6,2,4,5,1
hawk_unicorn,2659,60,1/2-1/2,67,25,11,14,13,12
hawk_unicorn,2660,143,1-0,12,4,0,4,3,1
hawk_unicorn,2661,183,1-0,10,4,1,3,3,1
hawk_unicorn,2662,327,1/2-1/2,0,2,0,2,1,1
hawk_unicorn,2663,146,0-1,24,12,7,5,5,7
hawk_unicorn,2664,177,1-0,4,5,1,4,4,1
hawk_unicorn,2665,390,1/2-1/2,25,11,7,4,5,6
hawk_unicorn,2666,146,0-1,12,4,0,4,1,3
hawk_unicorn,2667,112,0-1,18,12,8,4,5,7
hawk_unicorn,2668,238,0-1,9,3,0,3,1,2
hawk_unicorn,2669,160,0-1,17,9,5,4,2,7
hawk_unicorn,2670,127,1-0,22,10,5,5,6,4
hawk_unicorn,2671,122,1/2-1/2,6,8,6,2,4,4
hawk_unicorn,2672,122,0-1,24,14,10,4,5,9
hawk_unicorn,2673,261,1/2-1/2,3,3,0,3,2,1
hawk_unicorn,2674,139,1-0,17,9,5,4,6,3
hawk_unicorn,2675,123,1-0,10,8,5,3,5,3
hawk_unicorn,2676,215,1-0,9,3,0,3,2,1
hawk_unicorn,2677,185,1-0,6,4,1,3,3,1
hawk_unicorn,2678,297,1/2-1/2,6,4,0,4,2,2
hawk_unicorn,2679,181,1-0,18,4,0,4,3,1
hawk_unicorn,2680,514,1/2-1/2,3,3,0,3,1,2
hawk_unicorn,2681,147,1-0,12,6,2,4,5,1
hawk_unicorn,2682,145,1-0,18,6,1,5,5,1
hawk_unicorn,2683,85,1/2-1/2,22,15,8,7,8,7
hawk_unicorn,2684,151,1-0,23,7,2,5,6,1
hawk_unicorn,2685,236,0-1,15,5,0,5,1,4
hawk_unicorn,2686,132,0-1,16,6,2,4,1,5
hawk_unicorn,2687,133,1-0,20,12,8,4,8,4
hawk_unicorn,2688,168,0-1,22,13,7,6,4,9
hawk_unicorn,2689,152,0-1,43,15,6,9,6,9
hawk_unicorn,2690,112,1/2-1/2,18,16,9,7,7,9
hawk_unicorn,2691,151,1-0,13,6,1,5,5,1
hawk_unicorn,2692,332,1/2-1/2,10,7,1,6,3,4
hawk_unicorn,2693,101,1-0,16,8,4,4,6,2
hawk_unicorn,2694,113,1/2-1/2,23,11,6,5,6,5
hawk_unicorn,2695,180,0-1,19,7,2,5,2,5
hawk_unicorn,2696,118,0-1,17,9,5,4,3,6
hawk_unicorn,2697,168,0-1,15,7,3,4,1,6
hawk_unicorn,2698,162,0-1,10,4,1,3,1,3
hawk_unicorn,2699,172,0-1,14,7,2,5,2,5
hawk_unicorn,2700,180,0-1,14,6,2,4,1,5
hawk_unicorn,2701,342,1/2-1/2,0,2,0,2,1,1
hawk_unicorn,2702,151,1-0,16,6,2,4,3,3
hawk_unicorn,2703,155,1-0,5,3,0,3,2,1
hawk_unicorn,2704,177,1-0,11,5,2,3,4,1
archbishop_chancellor,1,125,1/2-1/2,36,18,12,6,9,9
archbishop_chancellor,2,168,0-1,19,5,1,4,1,4
archbishop_chancellor,3,175,1-0,21,7,3,4,5,2
archbishop_chancellor,4,183,1/2-1/2,3,3,0,3,1,2
archbishop_chancellor,5,115,1-0,18,10,5,5,8,2
archbishop_chancellor,6,141,1/2-1/2,15,9,5,4,5,4
archbishop_chancellor,7,136,0-1,24,10,5,5,4,6
archbishop_chancellor,8,212,0-1,18,7,2,5,1,6
archbishop_chancellor,9,33,1/2-1/2,89,28,12,16,14,14
archbishop_chancellor,10,114,0-1,16,10,7,3,4,6
archbishop_chancellor,11,230,0-1,15,5,1,4,1,4
archbishop_chancellor,12,217,1/2-1/2,20,5,0,5,2,3
archbishop_chancellor,13,178,0-1,9,3,0,3,1,2
archbishop_chancellor,14,143,1-0,13,7,4,3,6,1
archbishop_chancellor,15,153,1-0,11,7,3,4,6,1
archbishop_chancellor,16,174,0-1,17,7,3,4,3,4
archbishop_chancellor,17,101,1/2-1/2,38,18,11,7,8,10
archbishop_chancellor,18,123,1-0,20,6,2,4,4,2
archbishop_chancellor,19,159,1-0,14,5,1,4,4,1
archbishop_chancellor,20,165,1-0,14,6,2,4,4,2
archbishop_chancellor,21,158,0-1,20,8,3,5,2,6
archbishop_chancellor,22,185,1/2-1/2,3,3,0,3,2,1
archbishop_chancellor,23,105,1-0,22,8,4,4,6,2
archbishop_chancellor,24,189,1-0,18,5,1,4,4,1
archbishop_chancellor,25,187,1-0,5,3,0,3,2,1
archbishop_chancellor,26,149,1-0,9,3,0,3,2,1
archbishop_chancellor,27,169,1-0,17,5,0,5,4,1
archbishop_chancellor,28,123,1-0,15,5,1,4,4,1
archbishop_chancellor,29,128,0-1,16,10,7,3,2,8
archbishop_chancellor,30,124,1/2-1/2,29,13,8,5,6,7
archbishop_chancellor,31,213,1-0,21,5,0,5,4,1
archbishop_chancellor,32,146,0-1,23,10,6,4,3,7
archbishop_chancellor,33,197,1/2-1/2,11,5,1,4,2,3
archbishop_chancellor,34,127,1-0,23,11,6,5,8,3
archbishop_chancellor,35,232,0-1,10,4,1,3,1,3
archbishop_chancellor,36,177,1/2-1/2,96,30,14,16,15,15
archbishop_chancellor,37,140,1/2-1/2,27,11,5,6,6,5
archbishop_chancellor,38,57,1/2-1/2,51,19,9,10,9,10
archbishop_chancellor,39,124,0-1,21,10,5,5,4,6
archbishop_chancellor,40,139,1-0,15,7,3,4,5,2
archbishop_chancellor,41,150,0-1,15,5,1,4,1,4
archbishop_chancellor,42,287,1-0,19,5,1,4,3,2
archbishop_chancellor,43,163,1-0,9,3,0,3,2,1
archbishop_chancellor,44,164,1/2-1/2,12,6,2,4,3,3
archbishop_chancellor,45,125,1-0,18,9,4,5,8,1
archbishop_chancellor,46,171,1-0,36,14,7,7,7,7
archbishop_chancellor,47,171,1-0,18,4,0,4,3,1
archbishop_chancellor,48,140,1/2-1/2,0,2,0,2,1,1
archbishop_chancellor,49,217,1-0,9,3,0,3,2,1
archbishop_chancellor,50,111,1-0,15,10,7,3,8,2
archbishop_chancellor,51,171,1/2-1/2,12,4,0,4,2,2
archbishop_chancellor,52,267,1/2-1/2,8,4,0,4,2,2
archbishop_chancellor,53,127,1/2-1/2,0,2,0,2,1,1
archbishop_chancellor,54,158,0-1,10,6,2,4,1,5
archbishop_chancellor,55,224,1/2-1/2,11,5,1,4,3,2
archbishop_chancellor,56,44,1/2-1/2,86,27,12,15,13,14
archbishop_chancellor,57,165,1/2-1/2,6,4,0,4,2,2
archbishop_chancellor,58,103,1-0,17,8,4,4,4,4
archbishop_chancellor,59,249,1/2-1/2,17,6,1,5,2,4
archbishop_chancellor,60,154,0-1,20,6,2,4,1,5
archbishop_chancellor,61,150,0-1,19,6,2,4,1,5
archbishop_chancellor,62,179,1-0,22,8,2,6,6,2
archbishop_chancellor,63,91,1-0,27,9,4,5,7,2
archbishop_chancellor,64,145,1/2-1/2,14,8,4,4,4,4
archbishop_chancellor,65,175,1-0,9,3,0,3,2,1
archbishop_chancellor,66,153,1-0,15,7,3,4,6,1
archbishop_chancellor,67,151,1/2-1/2,3,3,0,3,2,1
archbishop_chancellor,68,90,1/2-1/2,58,18,8,10,10,8
archbishop_chancellor,69,161,1-0,22,8,4,4,7,1
archbishop_chancellor,70,141,1-0,20,7,3,4,6,1
archbishop_chancellor,71,176,0-1,12,7,4,3,1,6
archbishop_chancellor,72,134,1/2-1/2,22,10,6,4,5,5
archbishop_chancellor,73,162,0-1,18,4,0,4,1,3
archbishop_chancellor,74,214,1/2-1/2,22,8,4,4,4,4
archbishop_chancellor,75,170,1/2-1/2,4,6,4,2,3,3
archbishop_chancellor,76,205,1-0,9,3,0,3,2,1
archbishop_chancellor,77,243,1-0,11,5,2,3,4,1
archbishop_chancellor,78,208,0-1,5,3,0,3,1,2
archbishop_chancellor,79,160,1/2-1/2,24,10,6,4,5,5
archbishop_chancellor,80,115,1-0,11,6,3,3,5,1
archbishop_chancellor,81,212,0-1,8,4,0,4,1,3
archbishop_chancellor,82,175,1-0,13,5,1,4,4,1
archbishop_chancellor,83,175,1/2-1/2,26,12,6,6,6,6
archbishop_chancellor,84,181,1-0,13,7,4,3,5,2
archbishop_chancellor,85,187,1/2-1/2,3,3,0,3,2,1
archbishop_chancellor,86,170,0-1,17,5,1,4,1,4
archbishop_chancellor,87,163,1-0,23,10,5,5,6,4
archbishop_chancellor,88,123,1-0,25,9,3,6,6,3
archbishop_chancellor,89,107,1/2-1/2,1,3,1,2,2,1
archbishop_chancellor,90,179,1-0,11,5,2,3,3,2
archbishop_chancellor,91,111,1/2-1/2,49,18,8,10,8,10
archbishop_chancellor,92,259,1/2-1/2,3,3,0,3,2,1
archbishop_chancellor,93,123,1-0,20,7,3,4,5,2
archbishop_chancellor,94,106,0-1,34,13,7,6,5,8
archbishop_chancellor,95,174,0-1,18,4,0,4,1,3
archbishop_chancellor,96,150,0-1,16,8,4,4,2,6
archbishop_chancellor,97,177,1-0,6,4,1,3,3,1
archbishop_chancellor,98,175,1-0,20,6,1,5,5,1
archbishop_chancellor,99,215,1/2-1/2,23,10,6,4,6,4
archbishop_chancellor,100,151,1-0,15,5,1,4,4,1
archbishop_chancellor,101,150,0-1,13,5,1,4,1,4
archbishop_chancellor,102,179,1-0,13,6,2,4,5,1
archbishop_chancellor,103,165,1-0,12,6,3,3,5,1
archbishop_chancellor,104,156,0-1,12,6,3,3,2,4
archbishop_chancellor,105,145,1-0,20,7,3,4,6,1
archbishop_chancellor,106,193,1/2-1/2,32,10,4,6,5,5
archbishop_chancellor,107,198,0-1,21,7,3,4,1,6
archbishop_chancellor,108,160,0-1,14,6,2,4,1,5
archbishop_chancellor,109,100,0-1,35,14,7,7,4,10
archbishop_chancellor,110,91,1/2-1/2,37,12,5,7,5,7
archbishop_chancellor,111,177,1-0,17,4,0,4,3,1
archbishop_chancellor,112,162,0-1,12,8,4,4,2,6
archbishop_chancellor,113,313,1-0,9,3,0,3,2,1
archbishop_chancellor,114,460,1/2-1/2,3,3,0,3,2,1
archbishop_chancellor,115,211,1-0,13,7,2,5,4,3
archbishop_chancellor,116,95,1-0,19,12,8,4,9,3
archbishop_chancellor,117,138,0-1,22,8,4,4,2,6
archbishop_chancellor,118,150,1/2-1/2,0,2,0,2,1,1
archbishop_chancellor,119,235,1-0,5,3,0,3,2,1
archbishop_chancellor,120,70,1/2-1/2,48,18,8,10,9,9
archbishop_chancellor,121,132,0-1,25,11,6,5,5,6
archbishop_chancellor,122,362,1/2-1/2,21,15,11,4,8,7
archbishop_chancellor,123,161,1-0,17,8,3,5,7,1
archbishop_chancellor,124,147,1-0,15,5,1,4,4,1
archbishop_chancellor,125,158,0-1,14,4,0,4,1,3
archbishop_chancellor,126,122,0-1,32,14,7,7,6,8
archbishop_chancellor,127,161,1-0,12,8,4,4,7,1
archbishop_chancellor,128,532,1/2-1/2,12,6,2,4,3,3
archbishop_chancellor,129,149,1-0,13,6,2,4,5,1
archbishop_chancellor,130,182,1/2-1/2,32,13,6,7,7,6
archbishop_chancellor,131,141,1-0,18,5,1,4,4,1
archbishop_chancellor,132,145,1-0,16,9,5,4,6,3
archbishop_chancellor,133,150,0-1,22,13,9,4,6,7
archbishop_chancellor,134,145,1/2-1/2,30,10,3,7,4,6
archbishop_chancellor,135,110,0-1,33,12,5,7,3,9
archbishop_chancellor,136,143,1-0,16,6,2,4,4,2
archbishop_chancellor,137,104,1/2-1/2,20,12,6,6,5,7
archbishop_chancellor,138,195,1-0,15,5,1,4,4,1
archbishop_chancellor,139,107,1-0,32,14,8,6,9,5
archbishop_chancellor,140,91,1/2-1/2,37,14,7,7,8,6
archbishop_chancellor,141,71,1/2-1/2,36,18,10,8,9,9
archbishop_chancellor,142,151,1-0,19,8,3,5,6,2
archbishop_chancellor,143,151,1-0,23,9,5,4,6,3
archbishop_chancellor,144,217,1-0,12,4,0,4,3,1
archbishop_chancellor,145,173,1-0,20,6,2,4,5,1
archbishop_chancellor,146,77,1-0,36,15,9,6,10,5
archbishop_chancellor,147,169,1-0,9,3,0,3,2,1
archbishop_chancellor,148,235,1/2-1/2,21,9,4,5,3,6
archbishop_chancellor,149,217,1-0,12,4,0,4,3,1
archbishop_chancellor,150,219,1-0,15,5,1,4,4,1
archbishop_chancellor,151,169,1-0,16,6,2,4,4,2
archbishop_chancellor,152,151,1-0,17,6,1,5,4,2
archbishop_chancellor,153,99,1/2-1/2,29,15,11,4,7,8
archbishop_chancellor,154,182,1/2-1/2,13,7,3,4,3,4
archbishop_chancellor,155,169,1-0,15,5,1,4,4,1
archbishop_chancellor,156,170,1/2-1/2,0,2,0,2,1,1
archbishop_chancellor,157,131,1-0,17,9,5,4,7,2
archbishop_chancellor,158,143,1-0,17,4,0,4,3,1
archbishop_chancellor,159,149,1-0,20,6,1,5,5,1
archbishop_chancellor,160,211,1/2-1/2,17,8,4,4,5,3
archbishop_chancellor,161,147,1-0,15,5,1,4,3,2
archbishop_chancellor,162,160,1/2-1/2,11,9,5,4,5,4
archbishop_chancellor,163,122,0-1,28,10,5,5,2,8
archbishop_chancellor,164,117,1-0,11,5,2,3,3,2
archbishop_chancellor,165,199,1-0,9,3,0,3,2,1
archbishop_chancellor,166,224,0-1,21,7,3,4,2,5
archbishop_chancellor,167,171,1-0,14,8,5,3,6,2
archbishop_chancellor,168,218,0-1,24,8,3,5,2,6
archbishop_chancellor,169,191,1-0,7,5,2,3,4,1
archbishop_chancellor,170,135,1/2-1/2,4,6,4,2,3,3
archbishop_chancellor,171,184,1/2-1/2,0,2,0,2,1,1
archbishop_chancellor,172,140,1/2-1/2,36,16,10,6,8,8
archbishop_chancellor,173,177,1/2-1/2,11,7,3,4,4,3
archbishop_chancellor,174,134,0-1,24,10,6,4,4,6
archbishop_chancellor,175,131,1-0,20,8,4,4,5,3
archbishop_chancellor,176,109,1-0,24,12,7,5,7,5
archbishop_chancellor,177,122,0-1,15,7,3,4,2,5
archbishop_chancellor,178,132,0-1,19,12,8,4,4,8
archbishop_chancellor,179,129,1-0,16,8,4,4,6,2
archbishop_chancellor,180,160,0-1,17,7,2,5,1,6
archbishop_chancellor,181,153,1-0,16,4,0,4,3,1
archbishop_chancellor,182,147,1-0,14,4,0,4,3,1
archbishop_chancellor,183,350,1/2-1/2,32,10,5,5,5,5
archbishop_chancellor,184,129,1-0,20,7,3,4,6,1
archbishop_chancellor,185,349,1/2-1/2,7,5,1,4,3,2
archbishop_chancellor,186,178,0-1,12,5,1,4,1,4
archbishop_chancellor,187,149,1-0,7,5,2,3,4,1
archbishop_chancellor,188,181,1-0,9,3,0,3,2,1
archbishop_chancellor,189,227,1-0,8,3,0,3,2,1
archbishop_chancellor,190,196,1/2-1/2,11,5,0,5,2,3
archbishop_chancellor,191,246,1/2-1/2,7,5,1,4,3,2
archbishop_chancellor,192,199,1-0,9,3,0,3,2,1
archbishop_chancellor,193,247,1/2-1/2,21,11,5,6,5,6
archbishop_chancellor,194,223,1-0,20,8,3,5,6,2
archbishop_chancellor,195,131,1-0,16,6,1,5,5,1
archbishop_chancellor,196,226,1/2-1/2,0,2,0,2,1,1
archbishop_chancellor,197,186,0-1,9,3,0,3,1,2
archbishop_chancellor,198,209,1-0,9,3,0,3,2,1
archbishop_chancellor,199,118,0-1,18,10,6,4,4,6
archbishop_chancellor,200,278,0-1,29,8,3,5,3,5
archbishop_chancellor,201,123,1-0,18,8,4,4,6,2
archbishop_chancellor,202,241,1/2-1/2,35,10,3,7,5,5
archbishop_chancellor,203,190,1/2-1/2,23,12,7,5,6,6
archbishop_chancellor,204,158,1/2-1/2,2,4,2,2,2,2
archbishop_chancellor,205,179,1-0,8,4,0,4,3,1
archbishop_chancellor,206,101,1/2-1/2,32,13,7,6,7,6
archbishop_chancellor,207,100,0-1,22,12,8,4,4,8
archbishop_chancellor,208,183,1-0,17,4,0,4,3,1
archbishop_chancellor,209,136,0-1,15,6,2,4,3,3
archbishop_chancellor,210,159,1-0,19,5,1,4,4,1
archbishop_chancellor,211,135,1-0,22,9,5,4,6,3
archbishop_chancellor,212,237,1/2-1/2,17,7,1,6,4,3
archbishop_chancellor,213,113,1-0,21,9,4,5,7,2
archbishop_chancellor,214,177,1-0,14,6,2,4,4,2
archbishop_chancellor,215,80,1/2-1/2,54,19,11,8,9,10
archbishop_chancellor,216,206,0-1,11,5,2,3,1,4
archbishop_chancellor,217,126,0-1,21,8,4,4,3,5
archbishop_chancellor,218,213,1-0,16,6,2,4,5,1
archbishop_chancellor,219,117,1/2-1/2,27,14,10,4,8,6
archbishop_chancellor,220,150,0-1,18,6,1,5,2,4
archbishop_chancellor,221,150,0-1,17,7,3,4,3,4
archbishop_chancellor,222,146,0-1,15,6,2,4,1,5
archbishop_chancellor,223,157,1-0,13,7,4,3,6,1
archbishop_chancellor,224,121,1-0,17,7,2,5,5,2
archbishop_chancellor,225,216,1/2-1/2,0,2,0,2,1,1
archbishop_chancellor,226,159,1-0,19,6,2,4,5,1
archbishop_chancellor,227,201,1-0,7,5,2,3,3,2
archbishop_chancellor,228,169,1-0,20,11,6,5,7,4
archbishop_chancellor,229,101,1-0,24,12,7,5,7,5
archbishop_chancellor,230,183,1/2-1/2,19,8,3,5,4,4
archbishop_chancellor,231,105,1-0,29,13,7,6,10,3
archbishop_chancellor,232,102,0-1,26,10,5,5,4,6
archbishop_chancellor,233,111,1/2-1/2,33,14,8,6,7,7
archbishop_chancellor,234,172,0-1,10,4,1,3,2,2
archbishop_chancellor,235,179,1-0,21,11,7,4,8,3
archbishop_chancellor,236,135,1-0,13,5,1,4,3,2
archbishop_chancellor,237,169,1-0,23,7,2,5,5,2
archbishop_chancellor,238,140,0-1,19,7,2,5,3,4
archbishop_chancellor,239,119,1-0,16,8,4,4,6,2
archbishop_chancellor,240,130,0-1,19,5,1,4,1,4
archbishop_chancellor,241,253,1-0,19,7,2,5,5,2
archbishop_chancellor,242,173,1-0,15,5,1,4,4,1
archbishop_chancellor,243,268,0-1,10,5,2,3,1,4
archbishop_chancellor,244,135,1-0,21,7,3,4,5,2
archbishop_chancellor,245,306,1/2-1/2,12,10,6,4,5,5
archbishop_chancellor,246,171,1-0,5,3,0,3,2,1
archbishop_chancellor,247,149,1/2-1/2,0,2,0,2,1,1
archbishop_chancellor,248,290,1/2-1/2,13,5,0,5,2,3
archbishop_chancellor,249,116,1/2-1/2,38,16,10,6,8,8
archbishop_chancellor,250,137,1-0,15,5,0,5,4,1
archbishop_chancellor,251,213,1-0,13,5,1,4,4,1
archbishop_chancellor,252,177,1-0,18,4,0,4,3,1
archbishop_chancellor,253,128,1/2-1/2,43,14,6,8,6,8
archbishop_chancellor,254,186,0-1,13,5,1,4,1,4
archbishop_chancellor,255,177,1/2-1/2,37,18,11,7,8,10
archbishop_chancellor,256,190,0-1,14,4,0,4,1,3
archbishop_chancellor,257,113,1-0,20,8,4,4,6,2
archbishop_chancellor,258,93,1-0,21,13,9,4,10,3
archbishop_chancellor,259,167,1-0,24,10,4,6,7,3
archbishop_chancellor,260,93,1-0,19,9,5,4,5,4
archbishop_chancellor,261,131,1/2-1/2,28,14,8,6,7,7
archbishop_chancellor,262,197,1-0,11,5,2,3,4,1
archbishop_chancellor,263,152,1/2-1/2,25,11,7,4,6,5
archbishop_chancellor,264,177,1-0,22,7,2,5,5,2
archbishop_chancellor,265,271,1/2-1/2,8,4,0,4,2,2
archbishop_chancellor,266,151,1-0,20,7,3,4,5,2
archbishop_chancellor,267,176,0-1,8,3,0,3,1,2
archbishop_chancellor,268,256,1/2-1/2,0,2,0,2,1,1
archbishop_chancellor,269,169,1-0,16,6,2,4,4,2
archbishop_chancellor,270,171,1-0,8,4,0,4,3,1
archbishop_chancellor,271,133,1-0,20,7,3,4,4,3
archbishop_chancellor,272,101,1/2-1/2,44,17,9,8,9,8
archbishop_chancellor,273,132,0-1,14,7,3,4,1,6
archbishop_chancellor,274,208,0-1,9,3,0,3,1,2
archbishop_chancellor,275,168,0-1,11,5,2,3,2,3
archbishop_chancellor,276,113,1-0,20,9,4,5,6,3
archbishop_chancellor,277,114,0-1,17,7,3,4,2,5
archbishop_chancellor,278,140,0-1,16,10,7,3,4,6
archbishop_chancellor,279,163,1/2-1/2,27,9,2,7,5,4
archbishop_chancellor,280,182,0-1,19,5,1,4,2,3
archbishop_chancellor,281,144,1/2-1/2,26,10,3,7,6,4
archbishop_chancellor,282,75,1-0,34,17,10,7,12,5
archbishop_chancellor,283,167,1-0,15,5,1,4,4,1
archbishop_chancellor,284,212,1/2-1/2,11,5,1,4,3,2
archbishop_chancellor,285,123,1-0,20,11,6,5,7,4
archbishop_chancellor,286,413,1/2-1/2,11,9,5,4,5,4
archbishop_chancellor,287,159,1-0,11,5,2,3,2,3
archbishop_chancellor,288,249,1/2-1/2,12,6,2,4,3,3
archbishop_chancellor,289,115,1-0,20,9,4,5,6,3
archbishop_chancellor,290,151,1-0,24,9,4,5,5,4
archbishop_chancellor,291,106,1/2-1/2,44,15,7,8,7,8
archbishop_chancellor,292,168,0-1,20,9,3,6,2,7
archbishop_chancellor,293,139,1-0,19,7,2,5,6,1
archbishop_chancellor,294,97,1/2-1/2,33,18,11,7,9,9
archbishop_chancellor,295,256,1/2-1/2,11,5,1,4,3,2
archbishop_chancellor,296,223,1-0,9,3,0,3,2,1
archbishop_chancellor,297,123,1-0,28,12,5,7,7,5
archbishop_chancellor,298,276,0-1,9,3,0,3,1,2
archbishop_chancellor,299,212,0-1,12,4,0,4,1,3
archbishop_chancellor,300,169,1-0,23,8,3,5,7,1
archbishop_chancellor,301,153,1-0,16,8,4,4,6,2
archbishop_chancellor,302,191,1-0,9,3,0,3,2,1
archbishop_chancellor,303,219,1-0,18,4,0,4,3,1
archbishop_chancellor,304,185,1-0,17,7,3,4,6,1
archbishop_chancellor,305,162,0-1,9,4,1,3,1,3
archbishop_chancellor,306,145,1-0,16,10,6,4,7,3
archbishop_chancellor,307,255,1/2-1/2,20,5,0,5,3,2
archbishop_chancellor,308,138,0-1,22,8,4,4,2,6
archbishop_chancellor,309,125,1-0,15,7,3,4,6,1
archbishop_chancellor,310,114,0-1,29,10,5,5,3,7
archbishop_chancellor,311,172,0-1,16,6,2,4,1,5
archbishop_chancellor,312,148,0-1,20,6,2,4,1,5
archbishop_chancellor,313,147,1-0,22,6,1,5,5,1
archbishop_chancellor,314,115,1/2-1/2,24,11,7,4,5,6
archbishop_chancellor,315,206,1/2-1/2,0,2,0,2,1,1
archbishop_chancellor,316,339,1-0,17,7,3,4,4,3
archbishop_chancellor,317,209,1-0,19,5,1,4,3,2
archbishop_chancellor,318,138,1/2-1/2,24,12,8,4,5,7
archbishop_chancellor,319,183,1-0,15,5,1,4,4,1
archbishop_chancellor,320,200,1/2-1/2,18,12,8,4,6,6
archbishop_chancellor,321,271,1-0,24,5,0,5,3,2
archbishop_chancellor,322,237,1/2-1/2,28,18,12,6,9,9
archbishop_chancellor,323,160,0-1,20,8,3,5,2,6
archbishop_chancellor,324,166,0-1,37,14,6,8,3,11
archbishop_chancellor,325,80,0-1,32,15,8,7,5,10
archbishop_chancellor,326,204,0-1,15,5,1,4,1,4
archbishop_chancellor,327,176,0-1,19,7,3,4,1,6
archbishop_chancellor,328,180,0-1,10,4,0,4,1,3
archbishop_chancellor,329,200,0-1,5,3,0,3,1,2
archbishop_chancellor,330,289,1/2-1/2,9,5,1,4,3,2
archbishop_chancellor,331,195,1/2-1/2,28,10,2,8,4,6
archbishop_chancellor,332,255,1-0,13,5,1,4,4,1
archbishop_chancellor,333,344,1/2-1/2,10,4,0,4,2,2
archbishop_chancellor,334,99,1-0,20,7,3,4,5,2
archbishop_chancellor,335,157,1-0,20,6,2,4,5,1
archbishop_chancellor,336,146,0-1,16,10,7,3,4,6
archbishop_chancellor,337,161,1-0,22,8,3,5,7,1
archbishop_chancellor,338,143,1-0,9,3,0,3,2,1
archbishop_chancellor,339,263,1/2-1/2,10,4,0,4,2,2
archbishop_chancellor,340,160,0-1,21,7,3,4,3,4
archbishop_chancellor,341,165,1-0,18,6,1,5,4,2
archbishop_chancellor,342,176,1/2-1/2,0,2,0,2,1,1
archbishop_chancellor,343,220,1/2-1/2,0,2,0,2,1,1
archbishop_chancellor,344,151,1-0,11,4,0,4,3,1
archbishop_chancellor,345,199,1-0,18,5,1,4,4,1
archbishop_chancellor,346,175,1-0,19,5,1,4,4,1
archbishop_chancellor,347,209,1/2-1/2,3,3,0,3,2,1
archbishop_chancellor,348,134,0-1,18,5,1,4,1,4
archbishop_chancellor,349,175,1-0,9,3,0,3,2,1
archbishop_chancellor,350,198,0-1,18,4,0,4,1,3
archbishop_chancellor,351,125,1/2-1/2,25,13,8,5,8,5
archbishop_chancellor,352,145,1-0,17,7,3,4,6,1
archbishop_chancellor,353,422,1/2-1/2,11,5,1,4,2,3
archbishop_chancellor,354,115,1-0,21,7,3,4,6,1
archbishop_chancellor,355,117,1-0,16,6,2,4,5,1
archbishop_chancellor,356,86,1/2-1/2,66,21,9,12,10,11
archbishop_chancellor,357,268,0-1,9,3,0,3,1,2
archbishop_chancellor,358,138,1/2-1/2,26,11,6,5,6,5
archbishop_chancellor,359,218,1/2-1/2,14,8,4,4,4,4
archbishop_chancellor,360,294,1/2-1/2,9,7,3,4,3,4
archbishop_chancellor,361,133,1-0,25,9,3,6,6,3
archbishop_chancellor,362,211,1/2-1/2,3,5,3,2,3,2
archbishop_chancellor,363,155,1-0,15,5,1,4,4,1
archbishop_chancellor,364,174,0-1,26,8,2,6,2,6
archbishop_chancellor,365,80,1/2-1/2,41,14,6,8,9,5
archbishop_chancellor,366,164,0-1,9,4,1,3,1,3
archbishop_chancellor,367,133,1-0,20,7,3,4,6,1
archbishop_chancellor,368,93,1/2-1/2,41,15,7,8,8,7
archbishop_chancellor,369,258,1/2-1/2,28,10,4,6,5,5
archbishop_chancellor,370,132,0-1,18,9,5,4,2,7
archbishop_chancellor,371,147,1-0,12,6,3,3,4,2
archbishop_chancellor,372,118,0-1,27,11,6,5,4,7
archbishop_chancellor,373,175,1-0,26,11,6,5,6,5
archbishop_chancellor,374,170,1/2-1/2,6,4,1,3,2,2
archbishop_chancellor,375,103,1-0,18,8,4,4,5,3
archbishop_chancellor,376,167,1-0,12,4,0,4,3,1
archbishop_chancellor,377,155,1-0,20,9,4,5,7,2
archbishop_chancellor,378,131,1-0,16,7,3,4,6,1
archbishop_chancellor,379,114,0-1,20,11,7,4,6,5
archbishop_chancellor,380,137,1/2-1/2,23,9,4,5,4,5
archbishop_chancellor,381,235,1-0,12,4,0,4,3,1
archbishop_chancellor,382,166,1/2-1/2,0,2,0,2,1,1
archbishop_chancellor,383,121,1-0,22,11,6,5,7,4
archbishop_chancellor,384,204,0-1,20,6,2,4,2,4
archbishop_chancellor,385,142,0-1,18,5,1,4,1,4
archbishop_chancellor,386,97,1-0,16,9,5,4,6,3
archbishop_chancellor,387,157,1-0,16,8,4,4,5,3
archbishop_chancellor,388,130,0-1,23,8,3,5,2,6
archbishop_chancellor,389,177,1-0,12,6,3,3,4,2
archbishop_chancellor,390,157,1-0,20,6,2,4,4,2
archbishop_chancellor,391,98,0-1,19,10,6,4,3,7
archbishop_chancellor,392,147,1-0,17,6,1,5,5,1
archbishop_chancellor,393,123,1-0,29,13,8,5,9,4
archbishop_chancellor,394,243,1/2-1/2,18,6,2,4,3,3
archbishop_chancellor,395,135,1-0,15,5,1,4,4,1
archbishop_chancellor,396,94,0-1,45,16,9,7,7,9
archbishop_chancellor,397,308,1/2-1/2,24,7,1,6,4,3
archbishop_chancellor,398,221,1-0,16,6,2,4,5,1
archbishop_chancellor,399,105,1-0,18,8,4,4,5,3
archbishop_chancellor,400,123,1-0,15,9,6,3,8,1
archbishop_chancellor,401,139,1-0,9,3,0,3,2,1
archbishop_chancellor,402,151,1/2-1/2,32,14,8,6,7,7
archbishop_chancellor,403,135,1-0,8,6,3,3,5,1
archbishop_chancellor,404,210,0-1,9,3,0,3,1,2
archbishop_chancellor,405,190,0-1,9,3,0,3,1,2
archbishop_chancellor,406,111,1-0,21,7,3,4,6,1
archbishop_chancellor,407,194,1/2-1/2,12,10,6,4,5,5
archbishop_chancellor,408,135,1-0,23,9,4,5,6,3
archbishop_chancellor,409,137,1-0,13,5,1,4,4,1
archbishop_chancellor,410,153,1/2-1/2,45,15,8,7,8,7
archbishop_chancellor,411,115,1-0,14,9,6,3,7,2
archbishop_chancellor,412,126,0-1,14,6,2,4,1,5
archbishop_chancellor,413,132,0-1,38,17,11,6,7,10
archbishop_chancellor,414,420,0-1,27,9,4,5,2,7
archbishop_chancellor,415,237,1-0,20,5,0,5,4,1
archbishop_chancellor,416,109,1-0,16,8,4,4,6,2
archbishop_chancellor,417,198,0-1,9,3,0,3,1,2
archbishop_chancellor,418,155,1-0,14,4,0,4,3,1
archbishop_chancellor,419,267,1/2-1/2,19,8,3,5,4,4
archbishop_chancellor,420,81,1/2-1/2,42,17,9,8,8,9
archbishop_chancellor,421,139,1/2-1/2,30,14,9,5,7,7
archbishop_chancellor,422,241,1/2-1/2,14,8,4,4,4,4
archbishop_chancellor,423,111,1/2-1/2,53,19,9,10,10,9
archbishop_chancellor,424,122,0-1,22,13,9,4,5,8
archbishop_chancellor,425,199,1-0,17,4,0,4,3,1
archbishop_chancellor,426,151,1/2-1/2,25,11,7,4,5,6
archbishop_chancellor,427,287,1/2-1/2,17,5,0,5,2,3
archbishop_chancellor,428,160,0-1,18,11,7,4,4,7
archbishop_chancellor,429,127,1-0,19,5,1,4,3,2
archbishop_chancellor,430,133,1-0,37,11,4,7,6,5
archbishop_chancellor,431,158,0-1,19,6,2,4,1,5
archbishop_chancellor,432,128,0-1,38,15,8,7,5,10
archbishop_chancellor,433,169,1-0,8,4,0,4,3,1
archbishop_chancellor,434,120,0-1,23,9,4,5,3,6
archbishop_chancellor,435,140,0-1,18,6,1,5,1,5
archbishop_chancellor,436,162,0-1,16,6,2,4,1,5
archbishop_chancellor,437,186,0-1,5,3,0,3,1,2
archbishop_chancellor,438,50,1/2-1/2,66,23,11,12,12,11
archbishop_chancellor,439,167,1-0,16,9,5,4,7,2
archbishop_chancellor,440,162,0-1,13,4,0,4,1,3
archbishop_chancellor,441,124,0-1,15,5,1,4,1,4
archbishop_chancellor,442,150,0-1,20,6,1,5,2,4
archbishop_chancellor,443,162,0-1,24,10,6,4,4,6
archbishop_chancellor,444,177,1-0,7,5,2,3,4,1
archbishop_chancellor,445,169,1-0,20,6,2,4,5,1
archbishop_chancellor,446,109,1-0,14,8,4,4,7,1
archbishop_chancellor,447,194,0-1,20,6,2,4,1,5
archbishop_chancellor,448,162,0-1,14,6,2,4,1,5
archbishop_chancellor,449,202,0-1,11,5,2,3,1,4
archbishop_chancellor,450,115,1-0,19,10,6,4,9,1
archbishop_chancellor,451,180,0-1,9,7,4,3,3,4
archbishop_chancellor,452,106,0-1,14,10,6,4,4,6
archbishop_chancellor,453,158,0-1,20,6,1,5,2,4
archbishop_chancellor,454,168,0-1,10,4,1,3,1,3
archbishop_chancellor,455,198,0-1,8,4,0,4,1,3
archbishop_chancellor,456,137,1-0,13,8,5,3,5,3
archbishop_chancellor,457,109,1-0,25,12,6,6,9,3
archbishop_chancellor,458,163,1/2-1/2,21,7,3,4,4,3
archbishop_chancellor,459,208,1/2-1/2,57,19,10,9,11,8
archbishop_chancellor,460,215,1-0,14,4,0,4,3,1
archbishop_chancellor,461,166,0-1,13,6,2,4,2,4
archbishop_chancellor,462,181,1-0,18,4,0,4,3,1
archbishop_chancellor,463,163,1/2-1/2,11,5,1,4,3,2
archbishop_chancellor,464,274,0-1,9,3,0,3,1,2
archbishop_chancellor,465,209,1-0,6,4,1,3,3,1
archbishop_chancellor,466,211,1-0,14,4,0,4,3,1
archbishop_chancellor,467,209,1/2-1/2,20,6,1,5,3,3
archbishop_chancellor,468,153,1/2-1/2,14,6,2,4,3,3
archbishop_chancellor,469,111,1-0,15,5,1,4,4,1
archbishop_chancellor,470,296,0-1,5,3,0,3,1,2
archbishop_chancellor,471,156,0-1,19,6,2,4,1,5
archbishop_chancellor,472,97,1/2-1/2,53,15,6,9,7,8
archbishop_chancellor,473,148,0-1,15,5,0,5,1,4
archbishop_chancellor,474,138,0-1,18,6,1,5,1,5
archbishop_chancellor,475,157,1-0,14,7,3,4,5,2
archbishop_chancellor,476,142,0-1,7,5,2,3,1,4
archbishop_chancellor,477,258,1/2-1/2,5,3,0,3,2,1
archbishop_chancellor,478,153,1-0,31,13,7,6,7,6
archbishop_chancellor,479,453,1-0,18,4,0,4,3,1
archbishop_chancellor,480,184,0-1,5,3,0,3,1,2
archbishop_chancellor,481,274,1/2-1/2,3,5,3,2,3,2
archbishop_chancellor,482,102,1/2-1/2,41,12,3,9,7,5
archbishop_chancellor,483,177,1-0,18,4,0,4,3,1
archbishop_chancellor,484,146,0-1,11,5,2,3,1,4
archbishop_chancellor,485,117,1/2-1/2,14,4,0,4,3,1
archbishop_chancellor,486,131,1/2-1/2,20,6,2,4,3,3
archbishop_chancellor,487,159,1-0,14,4,0,4,3,1
archbishop_chancellor,488,155,1-0,21,12,7,5,10,2
archbishop_chancellor,489,210,1/2-1/2,32,14,8,6,7,7
archbishop_chancellor,490,268,1/2-1/2,15,5,0,5,2,3
archbishop_chancellor,491,194,0-1,15,5,1,4,1,4
archbishop_chancellor,492,170,0-1,9,3,0,3,1,2
archbishop_chancellor,493,284,1/2-1/2,25,11,5,6,5,6
archbishop_chancellor,494,121,1-0,14,4,0,4,3,1
archbishop_chancellor,495,83,1/2-1/2,50,21,11,10,10,11
archbishop_chancellor,496,79,1/2-1/2,52,17,8,9,9,8
archbishop_chancellor,497,125,1-0,11,6,3,3,5,1
archbishop_chancellor,498,175,1-0,6,4,1,3,3,1
archbishop_chancellor,499,162,1/2-1/2,13,9,5,4,4,5
archbishop_chancellor,500,162,0-1,23,8,3,5,1,7
archbishop_chancellor,501,178,1/2-1/2,18,12,8,4,6,6
archbishop_chancellor,502,148,0-1,12,7,4,3,2,5
archbishop_chancellor,503,166,0-1,8,3,0,3,1,2
archbishop_chancellor,504,143,1-0,16,6,2,4,5,1
archbishop_chancellor,505,230,0-1,9,3,0,3,1,2
archbishop_chancellor,506,190,0-1,16,5,0,5,1,4
archbishop_chancellor,507,176,0-1,12,4,0,4,1,3
archbishop_chancellor,508,229,1-0,9,3,0,3,2,1
archbishop_chancellor,509,187,1-0,18,4,0,4,3,1
archbishop_chancellor,510,194,0-1,21,6,1,5,1,5
archbishop_chancellor,511,143,1-0,14,7,3,4,5,2
archbishop_chancellor,512,169,1-0,17,6,1,5,5,1
archbishop_chancellor,513,201,1-0,16,8,4,4,6,2
archbishop_chancellor,514,146,0-1,12,4,0,4,1,3
archbishop_chancellor,515,169,1-0,5,3,0,3,2,1
archbishop_chancellor,516,140,0-1,14,4,0,4,1,3
archbishop_chancellor,517,169,1/2-1/2,7,5,2,3,3,2
archbishop_chancellor,518,175,1-0,13,4,0,4,3,1
archbishop_chancellor,519,145,1-0,13,4,0,4,3,1
archbishop_chancellor,520,401,1/2-1/2,19,5,1,4,2,3
archbishop_chancellor,521,164,0-1,9,5,1,4,1,4
archbishop_chancellor,522,82,0-1,81,23,10,13,12,11
archbishop_chancellor,523,235,1-0,5,3,0,3,2,1
archbishop_chancellor,524,111,1-0,12,6,3,3,5,1
archbishop_chancellor,525,164,0-1,19,6,2,4,1,5
archbishop_chancellor,526,230,1/2-1/2,12,6,2,4,3,3
archbishop_chancellor,527,111,1-0,17,7,3,4,6,1
archbishop_chancellor,528,175,1-0,9,3,0,3,2,1
archbishop_chancellor,529,248,1/2-1/2,19,5,1,4,2,3
archbishop_chancellor,530,221,1-0,16,6,2,4,5,1
archbishop_chancellor,531,164,1/2-1/2,11,5,1,4,2,3
archbishop_chancellor,532,107,1/2-1/2,31,12,6,6,6,6
archbishop_chancellor,533,131,1-0,23,10,6,4,6,4
archbishop_chancellor,534,135,1-0,16,7,3,4,6,1
archbishop_chancellor,535,173,1-0,18,8,4,4,6,2
archbishop_chancellor,536,222,1/2-1/2,19,5,1,4,2,3
archbishop_chancellor,537,152,0-1,14,4,0,4,1,3
archbishop_chancellor,538,387,1/2-1/2,11,5,1,4,2,3
archbishop_chancellor,539,191,1-0,18,4,0,4,3,1
archbishop_chancellor,540,277,1-0,15,5,1,4,4,1
archbishop_chancellor,541,204,0-1,6,4,0,4,1,3
archbishop_chancellor,542,112,0-1,20,9,4,5,3,6
archbishop_chancellor,543,193,1-0,5,3,0,3,2,1
archbishop_chancellor,544,164,0-1,20,6,2,4,2,4
archbishop_chancellor,545,161,1-0,13,5,1,4,4,1
archbishop_chancellor,546,213,1/2-1/2,12,6,1,5,3,3
archbishop_chancellor,547,197,1-0,13,5,1,4,4,1
archbishop_chancellor,548,122,0-1,20,11,7,4,5,6
archbishop_chancellor,549,180,0-1,8,4,0,4,1,3
archbishop_chancellor,550,136,1/2-1/2,4,6,4,2,3,3
archbishop_chancellor,551,124,1/2-1/2,0,2,0,2,1,1
archbishop_chancellor,552,165,1-0,18,8,4,4,5,3
archbishop_chancellor,553,140,0-1,20,6,2,4,1,5
archbishop_chancellor,554,134,0-1,17,9,5,4,2,7
archbishop_chancellor,555,138,0-1,12,5,1,4,1,4
archbishop_chancellor,556,113,1-0,21,10,5,5,6,4
archbishop_chancellor,557,72,1/2-1/2,97,27,9,18,13,14
archbishop_chancellor,558,167,1-0,34,13,7,6,8,5
archbishop_chancellor,559,140,1/2-1/2,14,10,6,4,4,6
archbishop_chancellor,560,160,0-1,17,4,0,4,1,3
archbishop_chancellor,561,147,1-0,13,7,4,3,5,2
archbishop_chancellor,562,144,0-1,17,4,0,4,1,3
archbishop_chancellor,563,145,1-0,13,7,4,3,6,1
archbishop_chancellor,564,103,1/2-1/2,54,18,10,8,9,9
archbishop_chancellor,565,137,1-0,11,7,3,4,6,1
archbishop_chancellor,566,568,1/2-1/2,6,4,0,4,2,2
archbishop_chancellor,567,146,0-1,12,8,4,4,3,5
archbishop_chancellor,568,95,1-0,28,15,10,5,9,6
archbishop_chancellor,569,180,0-1,20,11,7,4,4,7
archbishop_chancellor,570,163,1-0,21,7,3,4,6,1
archbishop_chancellor,571,164,0-1,48,15,5,10,6,9
archbishop_chancellor,572,333,1-0,14,5,1,4,4,1
archbishop_chancellor,573,132,0-1,12,6,2,4,1,5
archbishop_chancellor,574,217,1-0,20,6,2,4,4,2
archbishop_chancellor,575,162,0-1,19,6,2,4,1,5
archbishop_chancellor,576,169,1-0,27,10,5,5,6,4
archbishop_chancellor,577,173,1-0,12,6,3,3,5,1
archbishop_chancellor,578,180,1/2-1/2,0,2,0,2,1,1
archbishop_chancellor,579,165,1-0,23,14,10,4,8,6
archbishop_chancellor,580,150,0-1,15,5,1,4,1,4
archbishop_chancellor,581,166,0-1,20,6,2,4,1,5
archbishop_chancellor,582,161,1-0,14,7,3,4,6,1
archbishop_chancellor,583,155,1-0,15,5,1,4,4,1
archbishop_chancellor,584,198,0-1,15,5,1,4,1,4
archbishop_chancellor,585,278,1/2-1/2,12,6,2,4,3,3
archbishop_chancellor,586,188,0-1,19,5,1,4,1,4
archbishop_chancellor,587,219,1-0,14,4,0,4,3,1
archbishop_chancellor,588,115,1-0,16,6,2,4,5,1
archbishop_chancellor,589,207,1-0,21,9,4,5,6,3
archbishop_chancellor,590,169,1/2-1/2,18,7,2,5,3,4
archbishop_chancellor,591,210,1/2-1/2,20,14,10,4,7,7
archbishop_chancellor,592,108,0-1,21,8,4,4,1,7
archbishop_chancellor,593,113,1-0,20,11,7,4,7,4
archbishop_chancellor,594,229,1-0,8,4,0,4,3,1
archbishop_chancellor,595,177,1-0,12,4,0,4,3,1
archbishop_chancellor,596,134,0-1,25,10,5,5,3,7
archbishop_chancellor,597,148,0-1,20,8,3,5,2,6
archbishop_chancellor,598,153,1/2-1/2,16,10,6,4,5,5
archbishop_chancellor,599,141,1-0,21,7,3,4,6,1
archbishop_chancellor,600,138,0-1,17,7,3,4,1,6
archbishop_chancellor,601,157,1-0,18,8,4,4,6,2
archbishop_chancellor,602,139,1-0,19,6,2,4,5,1
archbishop_chancellor,603,137,1/2-1/2,27,13,9,4,6,7
archbishop_chancellor,604,164,0-1,17,5,0,5,1,4
archbishop_chancellor,605,136,0-1,19,6,2,4,1,5
archbishop_chancellor,606,123,1-0,15,8,4,4,7,1
archbishop_chancellor,607,158,0-1,25,7,2,5,1,6
archbishop_chancellor,608,192,0-1,11,5,2,3,1,4
archbishop_chancellor,609,57,1/2-1/2,56,22,11,11,11,11
archbishop_chancellor,610,262,1/2-1/2,19,5,1,4,2,3
archbishop_chancellor,611,179,1-0,18,5,1,4,4,1
archbishop_chancellor,612,221,1/2-1/2,15,5,1,4,2,3
archbishop_chancellor,613,188,0-1,10,4,0,4,1,3
archbishop_chancellor,614,163,1-0,15,5,0,5,4,1
archbishop_chancellor,615,123,1-0,21,12,7,5,6,6
archbishop_chancellor,616,136,1/2-1/2,22,10,4,6,4,6
archbishop_chancellor,617,161,1-0,7,5,2,3,4,1
archbishop_chancellor,618,177,1/2-1/2,19,6,2,4,2,4
archbishop_chancellor,619,80,0-1,61,19,8,11,7,12
archbishop_chancellor,620,143,1-0,20,7,3,4,6,1
archbishop_chancellor,621,189,1-0,15,5,1,4,4,1
archbishop_chancellor,622,175,1-0,18,7,2,5,5,2
archbishop_chancellor,623,170,0-1,17,4,0,4,1,3
archbishop_chancellor,624,169,1/2-1/2,32,16,11,5,7,9
archbishop_chancellor,625,189,1-0,18,4,0,4,3,1
archbishop_chancellor,626,156,0-1,14,6,2,4,1,5
archbishop_chancellor,627,111,1-0,13,7,4,3,6,1
archbishop_chancellor,628,273,1/2-1/2,20,6,2,4,3,3
archbishop_chancellor,629,148,0-1,15,5,1,4,1,4
archbishop_chancellor,630,225,1/2-1/2,16,6,1,5,3,3
archbishop_chancellor,631,166,0-1,10,4,1,3,1,3
archbishop_chancellor,632,151,1-0,19,6,2,4,5,1
archbishop_chancellor,633,61,1-0,66,20,9,11,11,9
archbishop_chancellor,634,137,1-0,36,16,10,6,9,7
archbishop_chancellor,635,158,0-1,21,8,4,4,1,7
archbishop_chancellor,636,123,1-0,9,5,1,4,4,1
archbishop_chancellor,637,133,1/2-1/2,40,15,6,9,8,7
archbishop_chancellor,638,89,1-0,25,12,7,5,9,3
archbishop_chancellor,639,180,0-1,14,4,0,4,1,3
archbishop_chancellor,640,205,1/2-1/2,32,14,8,6,7,7
archbishop_chancellor,641,163,1-0,6,4,1,3,3,1
archbishop_chancellor,642,142,0-1,11,7,3,4,1,6
archbishop_chancellor,643,221,1-0,17,5,0,5,4,1
archbishop_chancellor,644,240,0-1,9,5,1,4,1,4
archbishop_chancellor,645,105,1-0,39,11,4,7,7,4
archbishop_chancellor,646,149,1-0,12,7,4,3,6,1
archbishop_chancellor,647,122,0-1,29,9,4,5,2,7
archbishop_chancellor,648,157,1-0,20,5,0,5,4,1
archbishop_chancellor,649,146,0-1,18,5,1,4,1,4
archbishop_chancellor,650,222,0-1,9,3,0,3,1,2
archbishop_chancellor,651,124,1/2-1/2,25,11,7,4,6,5
archbishop_chancellor,652,148,0-1,15,7,3,4,2,5
archbishop_chancellor,653,169,1-0,20,6,2,4,5,1
archbishop_chancellor,654,109,1/2-1/2,26,12,8,4,6,6
archbishop_chancellor,655,167,1-0,22,6,1,5,5,1
archbishop_chancellor,656,172,0-1,19,5,1,4,1,4
archbishop_chancellor,657,126,0-1,25,7,2,5,2,5
archbishop_chancellor,658,135,1/2-1/2,20,8,4,4,4,4
archbishop_chancellor,659,238,1/2-1/2,10,4,0,4,2,2
archbishop_chancellor,660,161,1-0,9,3,0,3,2,1
archbishop_chancellor,661,345,1/2-1/2,10,6,2,4,3,3
archbishop_chancellor,662,129,1-0,12,6,3,3,4,2
archbishop_chancellor,663,135,1-0,9,7,4,3,5,2
archbishop_chancellor,664,89,1-0,27,11,6,5,6,5
archbishop_chancellor,665,127,1-0,24,10,5,5,9,1
archbishop_chancellor,666,101,1-0,15,5,1,4,4,1
archbishop_chancellor,667,101,1/2-1/2,28,14,9,5,8,6
archbishop_chancellor,668,183,1-0,18,8,4,4,6,2
archbishop_chancellor,669,121,1-0,23,9,5,4,5,4
archbishop_chancellor,670,152,0-1,13,5,1,4,1,4
archbishop_chancellor,671,155,1-0,19,10,6,4,8,2
archbishop_chancellor,672,314,1/2-1/2,19,5,1,4,2,3
archbishop_chancellor,673,163,1-0,18,8,4,4,7,1
archbishop_chancellor,674,220,0-1,10,4,1,3,1,3
archbishop_chancellor,675,157,1/2-1/2,7,5,2,3,3,2
archbishop_chancellor,676,143,1-0,12,6,2,4,4,2
archbishop_chancellor,677,102,1/2-1/2,56,21,10,11,10,11
archbishop_chancellor,678,206,1/2-1/2,39,16,9,7,8,8
archbishop_chancellor,679,135,1/2-1/2,23,10,6,4,5,5
archbishop_chancellor,680,148,0-1,21,5,0,5,1,4
archbishop_chancellor,681,263,1/2-1/2,3,3,0,3,2,1
archbishop_chancellor,682,88,1/2-1/2,40,18,12,6,9,9
archbishop_chancellor,683,203,1-0,9,3,0,3,2,1
archbishop_chancellor,684,165,1-0,10,6,2,4,5,1
archbishop_chancellor,685,110,0-1,16,9,5,4,3,6
archbishop_chancellor,686,128,0-1,8,6,3,3,1,5
archbishop_chancellor,687,119,1-0,30,10,5,5,7,3
archbishop_chancellor,688,239,1/2-1/2,11,5,1,4,2,3
archbishop_chancellor,689,377,1/2-1/2,64,24,14,10,12,12
archbishop_chancellor,690,223,1-0,11,4,0,4,3,1
archbishop_chancellor,691,135,1-0,16,6,2,4,5,1
archbishop_chancellor,692,176,0-1,10,5,2,3,2,3
archbishop_chancellor,693,126,0-1,20,8,3,5,2,6
archbishop_chancellor,694,168,1/2-1/2,18,6,2,4,3,3
archbishop_chancellor,695,87,1/2-1/2,71,24,11,13,13,11
archbishop_chancellor,696,280,1/2-1/2,29,13,7,6,7,6
archbishop_chancellor,697,180,1/2-1/2,0,2,0,2,1,1
archbishop_chancellor,698,141,1-0,15,5,1,4,4,1
archbishop_chancellor,699,126,0-1,25,11,6,5,3,8
archbishop_chancellor,700,403,1-0,15,5,1,4,4,1
archbishop_chancellor,701,162,0-1,9,5,1,4,1,4
archbishop_chancellor,702,345,1-0,21,8,4,4,4,4
archbishop_chancellor,703,196,0-1,18,4,0,4,1,3
archbishop_chancellor,704,122,0-1,24,14,10,4,6,8
archbishop_chancellor,705,418,0-1,22,8,4,4,3,5
archbishop_chancellor,706,247,1-0,18,10,6,4,6,4
archbishop_chancellor,707,138,0-1,19,11,7,4,3,8
archbishop_chancellor,708,237,1/2-1/2,13,5,0,5,3,2
archbishop_chancellor,709,256,0-1,9,3,0,3,1,2
archbishop_chancellor,710,160,1/2-1/2,12,6,2,4,3,3
archbishop_chancellor,711,155,1-0,23,9,4,5,7,2
archbishop_chancellor,712,111,1-0,13,9,5,4,8,1
archbishop_chancellor,713,179,1-0,8,4,0,4,3,1
archbishop_chancellor,714,129,1-0,23,9,5,4,5,4
archbishop_chancellor,715,178,0-1,18,4,0,4,1,3
archbishop_chancellor,716,195,1-0,9,5,1,4,4,1
archbishop_chancellor,717,125,1-0,21,7,3,4,5,2
archbishop_chancellor,718,197,1-0,18,4,0,4,3,1
archbishop_chancellor,719,64,1/2-1/2,72,21,9,12,11,10
archbishop_chancellor,720,180,1/2-1/2,3,3,0,3,1,2
archbishop_chancellor,721,60,1/2-1/2,82,24,10,14,12,12
archbishop_chancellor,722,160,0-1,6,6,3,3,3,3
archbishop_chancellor,723,212,0-1,5,3,0,3,1,2
archbishop_chancellor,724,178,0-1,22,6,1,5,2,4
archbishop_chancellor,725,127,1-0,18,8,4,4,6,2
archbishop_chancellor,726,170,0-1,21,7,2,5,2,5
archbishop_chancellor,727,131,1-0,23,10,5,5,6,4
archbishop_chancellor,728,115,1-0,17,8,4,4,5,3
archbishop_chancellor,729,145,1-0,16,8,3,5,6,2
archbishop_chancellor,730,193,1-0,20,8,3,5,7,1
archbishop_chancellor,731,121,1-0,11,6,3,3,5,1
archbishop_chancellor,732,71,1/2-1/2,81,22,7,15,11,11
archbishop_chancellor,733,73,1/2-1/2,53,19,8,11,9,10
archbishop_chancellor,734,174,1/2-1/2,0,2,0,2,1,1
archbishop_chancellor,735,149,1-0,20,6,1,5,4,2
archbishop_chancellor,736,205,1-0,27,7,1,6,5,2
archbishop_chancellor,737,77,1/2-1/2,49,17,9,8,9,8
archbishop_chancellor,738,243,1/2-1/2,17,6,1,5,3,3
archbishop_chancellor,739,107,1-0,22,10,5,5,6,4
archbishop_chancellor,740,326,1/2-1/2,12,6,2,4,3,3
archbishop_chancellor,741,115,1-0,26,11,4,7,7,4
archbishop_chancellor,742,80,1/2-1/2,56,20,12,8,10,10
archbishop_chancellor,743,172,0-1,16,8,4,4,2,6
archbishop_chancellor,744,171,1-0,15,5,1,4,4,1
archbishop_chancellor,745,228,1/2-1/2,12,6,2,4,3,3
archbishop_chancellor,746,131,1-0,10,5,2,3,3,2
archbishop_chancellor,747,213,1-0,13,5,1,4,4,1
archbishop_chancellor,748,413,1/2-1/2,6,4,0,4,2,2
archbishop_chancellor,749,179,1-0,15,5,0,5,3,2
archbishop_chancellor,750,199,1-0,8,4,0,4,3,1
archbishop_chancellor,751,128,0-1,20,14,11,3,5,9
archbishop_chancellor,752,152,1/2-1/2,26,13,8,5,6,7
archbishop_chancellor,753,186,0-1,9,3,0,3,1,2
archbishop_chancellor,754,118,0-1,26,8,3,5,3,5
archbishop_chancellor,755,102,0-1,22,9,5,4,2,7
archbishop_chancellor,756,157,1-0,9,5,1,4,4,1
archbishop_chancellor,757,192,0-1,9,3,0,3,1,2
archbishop_chancellor,758,159,1-0,15,7,3,4,6,1
archbishop_chancellor,759,379,1/2-1/2,19,5,1,4,3,2
archbishop_chancellor,760,219,1/2-1/2,13,7,3,4,3,4
archbishop_chancellor,761,168,0-1,28,11,6,5,6,5
archbishop_chancellor,762,143,1-0,9,3,0,3,2,1
archbishop_chancellor,763,200,0-1,18,10,5,5,4,6
archbishop_chancellor,764,109,1-0,22,9,5,4,7,2
archbishop_chancellor,765,150,0-1,17,7,3,4,3,4
archbishop_chancellor,766,143,1-0,12,8,4,4,7,1
archbishop_chancellor,767,240,0-1,5,3,0,3,1,2
archbishop_chancellor,768,189,1-0,12,5,1,4,4,1
archbishop_chancellor,769,139,1-0,13,5,1,4,4,1
archbishop_chancellor,770,250,1/2-1/2,29,12,6,6,6,6
archbishop_chancellor,771,156,0-1,38,14,8,6,4,10
archbishop_chancellor,772,183,1-0,14,5,1,4,4,1
archbishop_chancellor,773,144,0-1,25,12,7,5,4,8
archbishop_chancellor,774,155,1-0,17,4,0,4,3,1
archbishop_chancellor,775,432,1/2-1/2,8,6,2,4,3,3
archbishop_chancellor,776,107,1/2-1/2,23,13,7,6,7,6
archbishop_chancellor,777,135,1-0,17,10,6,4,7,3
archbishop_chancellor,778,362,0-1,10,4,1,3,1,3
archbishop_chancellor,779,173,1-0,12,4,0,4,3,1
archbishop_chancellor,780,110,0-1,17,10,6,4,4,6
archbishop_chancellor,781,128,0-1,20,10,6,4,3,7
archbishop_chancellor,782,131,1-0,7,5,2,3,4,1
archbishop_chancellor,783,125,1-0,20,11,7,4,7,4
archbishop_chancellor,784,99,1-0,31,13,5,8,7,6
archbishop_chancellor,785,240,1/2-1/2,17,5,1,4,2,3
archbishop_chancellor,786,265,1/2-1/2,10,4,0,4,2,2
archbishop_chancellor,787,93,1/2-1/2,40,17,9,8,8,9
archbishop_chancellor,788,198,0-1,16,6,2,4,1,5
archbishop_chancellor,789,209,1-0,9,3,0,3,2,1
archbishop_chancellor,790,232,1/2-1/2,10,4,0,4,2,2
archbishop_chancellor,791,155,1-0,19,7,2,5,6,1
archbishop_chancellor,792,177,1-0,5,3,0,3,2,1
archbishop_chancellor,793,267,1-0,13,5,1,4,4,1
archbishop_chancellor,794,174,0-1,16,8,3,5,1,7
archbishop_chancellor,795,101,1-0,72,19,7,12,10,9
archbishop_chancellor,796,159,1-0,16,7,3,4,6,1
archbishop_chancellor,797,89,1/2-1/2,49,18,9,9,8,10
archbishop_chancellor,798,97,1-0,25,14,9,5,9,5
archbishop_chancellor,799,172,0-1,26,9,4,5,2,7
archbishop_chancellor,800,114,0-1,15,7,3,4,1,6
archbishop_chancellor,801,157,1/2-1/2,2,4,2,2,2,2
archbishop_chancellor,802,206,0-1,23,7,2,5,2,5
archbishop_chancellor,803,223,1-0,21,12,8,4,7,5
archbishop_chancellor,804,200,0-1,19,5,1,4,1,4
archbishop_chancellor,805,178,0-1,9,3,0,3,1,2
archbishop_chancellor,806,148,0-1,31,13,7,6,5,8
archbishop_chancellor,807,175,1-0,5,3,0,3,2,1
archbishop_chancellor,808,181,1-0,11,6,3,3,4,2
archbishop_chancellor,809,125,1-0,29,13,7,6,9,4
archbishop_chancellor,810,163,1-0,13,7,4,3,5,2
archbishop_chancellor,811,222,1/2-1/2,1,3,1,2,1,2
archbishop_chancellor,812,165,1-0,23,7,1,6,5,2
archbishop_chancellor,813,174,1/2-1/2,3,3,0,3,2,1
archbishop_chancellor,814,163,1-0,12,4,0,4,3,1
archbishop_chancellor,815,127,1-0,25,9,4,5,7,2
archbishop_chancellor,816,119,1/2-1/2,30,13,6,7,5,8
archbishop_chancellor,817,157,1-0,9,3,0,3,2,1
archbishop_chancellor,818,169,1-0,19,5,1,4,4,1
archbishop_chancellor,819,266,0-1,21,8,2,6,1,7
archbishop_chancellor,820,87,1-0,35,17,11,6,10,7
archbishop_chancellor,821,185,1-0,8,3,0,3,2,1
archbishop_chancellor,822,153,1-0,15,9,6,3,6,3
archbishop_chancellor,823,144,0-1,25,8,2,6,2,6
archbishop_chancellor,824,163,1-0,11,5,1,4,4,1
archbishop_chancellor,825,137,1-0,23,7,2,5,4,3
archbishop_chancellor,826,97,1/2-1/2,27,11,5,6,5,6
archbishop_chancellor,827,210,1/2-1/2,10,4,0,4,2,2
archbishop_chancellor,828,159,1-0,14,8,4,4,5,3
archbishop_chancellor,829,90,0-1,28,14,9,5,6,8
archbishop_chancellor,830,148,0-1,8,4,0,4,1,3
archbishop_chancellor,831,309,1-0,19,5,1,4,4,1
archbishop_chancellor,832,153,1/2-1/2,23,7,1,6,3,4
archbishop_chancellor,833,167,1-0,18,6,2,4,5,1
archbishop_chancellor,834,139,1-0,25,9,4,5,6,3
archbishop_chancellor,835,180,1/2-1/2,0,2,0,2,1,1
archbishop_chancellor,836,254,0-1,17,9,5,4,4,5
archbishop_chancellor,837,137,1-0,13,7,2,5,6,1
archbishop_chancellor,838,143,1-0,19,7,2,5,6,1
archbishop_chancellor,839,203,1-0,21,7,3,4,5,2
archbishop_chancellor,840,132,0-1,22,8,4,4,2,6
archbishop_chancellor,841,167,1-0,22,8,3,5,7,1
archbishop_chancellor,842,307,1-0,9,3,0,3,2,1
archbishop_chancellor,843,198,0-1,15,5,1,4,1,4
archbishop_chancellor,844,128,0-1,27,9,3,6,5,4
archbishop_chancellor,845,204,0-1,12,6,3,3,2,4
archbishop_chancellor,846,197,1/2-1/2,0,2,0,2,1,1
archbishop_chancellor,847,206,0-1,20,6,2,4,2,4
archbishop_chancellor,848,163,1-0,19,6,2,4,5,1
archbishop_chancellor,849,135,1/2-1/2,18,12,8,4,6,6
archbishop_chancellor,850,140,1/2-1/2,25,11,7,4,5,6
archbishop_chancellor,851,143,1-0,30,10,4,6,6,4
archbishop_chancellor,852,173,1-0,17,5,0,5,4,1
archbishop_chancellor,853,168,0-1,17,10,6,4,4,6
archbishop_chancellor,854,165,1-0,21,7,2,5,5,2
archbishop_chancellor,855,133,1-0,22,10,6,4,6,4
archbishop_chancellor,856,151,1-0,16,6,1,5,5,1
archbishop_chancellor,857,165,1-0,15,9,6,3,6,3
archbishop_chancellor,858,130,1/2-1/2,21,8,4,4,4,4
archbishop_chancellor,859,157,1-0,17,9,5,4,6,3
archbishop_chancellor,860,346,1/2-1/2,6,4,1,3,2,2
archbishop_chancellor,861,117,1-0,15,8,4,4,5,3
archbishop_chancellor,862,127,1-0,16,9,5,4,6,3
archbishop_chancellor,863,177,1/2-1/2,0,2,0,2,1,1
archbishop_chancellor,864,87,1-0,30,12,6,6,9,3
archbishop_chancellor,865,186,1/2-1/2,18,4,0,4,2,2
archbishop_chancellor,866,250,1/2-1/2,13,5,0,5,3,2
archbishop_chancellor,867,183,1-0,21,8,4,4,6,2
archbishop_chancellor,868,209,1/2-1/2,14,8,4,4,4,4
archbishop_chancellor,869,136,1/2-1/2,23,11,7,4,6,5
archbishop_chancellor,870,148,0-1,22,10,5,5,3,7
archbishop_chancellor,871,146,0-1,12,6,3,3,3,3
archbishop_chancellor,872,158,0-1,15,7,3,4,2,5
archbishop_chancellor,873,176,0-1,9,3,0,3,1,2
archbishop_chancellor,874,145,1-0,35,11,5,6,8,3
archbishop_chancellor,875,261,1-0,18,4,0,4,3,1
archbishop_chancellor,876,178,0-1,12,6,3,3,2,4
archbishop_chancellor,877,183,1-0,12,6,3,3,5,1
archbishop_chancellor,878,190,0-1,9,3,0,3,1,2
archbishop_chancellor,879,221,1-0,14,4,0,4,3,1
archbishop_chancellor,880,137,1-0,23,9,4,5,6,3
archbishop_chancellor,881,240,0-1,8,4,0,4,1,3
archbishop_chancellor,882,195,1-0,7,5,2,3,4,1
archbishop_chancellor,883,310,1/2-1/2,7,7,4,3,4,3
archbishop_chancellor,884,188,0-1,18,4,0,4,1,3
archbishop_chancellor,885,232,1/2-1/2,8,4,0,4,2,2
archbishop_chancellor,886,153,1-0,13,8,5,3,7,1
archbishop_chancellor,887,184,0-1,19,5,1,4,1,4
archbishop_chancellor,888,203,1/2-1/2,4,6,4,2,3,3
archbishop_chancellor,889,123,1-0,18,8,4,4,5,3
archbishop_chancellor,890,166,1/2-1/2,13,7,3,4,3,4
archbishop_chancellor,891,124,0-1,15,9,6,3,3,6
archbishop_chancellor,892,156,0-1,5,3,0,3,1,2
archbishop_chancellor,893,169,1-0,8,4,0,4,3,1
archbishop_chancellor,894,215,1-0,19,5,1,4,4,1
archbishop_chancellor,895,233,1-0,9,3,0,3,2,1
archbishop_chancellor,896,125,1-0,17,9,5,4,7,2
archbishop_chancellor,897,167,1-0,22,6,1,5,5,1
archbishop_chancellor,898,104,1/2-1/2,16,8,3,5,3,5
archbishop_chancellor,899,96,0-1,19,10,6,4,3,7
archbishop_chancellor,900,133,1-0,14,8,5,3,7,1
archbishop_chancellor,901,128,0-1,13,7,4,3,3,4
archbishop_chancellor,902,137,1-0,18,9,5,4,5,4
archbishop_chancellor,903,181,1-0,15,5,1,4,4,1
archbishop_chancellor,904,222,0-1,18,5,1,4,1,4
archbishop_chancellor,905,95,1-0,32,13,7,6,8,5
archbishop_chancellor,906,142,0-1,13,8,5,3,3,5
archbishop_chancellor,907,230,0-1,21,9,4,5,3,6
archbishop_chancellor,908,146,0-1,10,4,1,3,1,3
archbishop_chancellor,909,162,0-1,5,3,0,3,1,2
archbishop_chancellor,910,136,0-1,34,13,6,7,5,8
archbishop_chancellor,911,163,1-0,20,6,2,4,5,1
archbishop_chancellor,912,173,1/2-1/2,18,8,3,5,4,4
archbishop_chancellor,913,139,1-0,21,8,4,4,6,2
archbishop_chancellor,914,197,1-0,9,3,0,3,2,1
archbishop_chancellor,915,151,1-0,18,4,0,4,3,1
archbishop_chancellor,916,200,0-1,15,5,1,4,1,4
archbishop_chancellor,917,156,0-1,18,5,1,4,1,4
archbishop_chancellor,918,141,1-0,19,5,1,4,4,1
archbishop_chancellor,919,160,0-1,10,4,1,3,1,3
archbishop_chancellor,920,206,0-1,17,5,0,5,1,4
archbishop_chancellor,921,164,0-1,21,11,7,4,4,7
archbishop_chancellor,922,180,0-1,9,3,0,3,1,2
archbishop_chancellor,923,123,1-0,21,7,3,4,5,2
archbishop_chancellor,924,196,0-1,7,5,2,3,1,4
archbishop_chancellor,925,137,1-0,17,7,3,4,4,3
archbishop_chancellor,926,149,1-0,23,6,1,5,5,1
archbishop_chancellor,927,162,1/2-1/2,3,3,0,3,1,2
archbishop_chancellor,928,201,1/2-1/2,10,8,4,4,4,4
archbishop_chancellor,929,119,1-0,18,8,4,4,6,2
archbishop_chancellor,930,80,1/2-1/2,8,10,8,2,5,5
archbishop_chancellor,931,167,1-0,17,4,0,4,3,1
archbishop_chancellor,932,122,0-1,28,13,7,6,4,9
archbishop_chancellor,933,188,0-1,5,3,0,3,1,2
archbishop_chancellor,934,102,0-1,30,15,9,6,7,8
archbishop_chancellor,935,154,0-1,20,6,2,4,1,5
archbishop_chancellor,936,160,0-1,20,6,2,4,2,4
archbishop_chancellor,937,117,1-0,9,7,4,3,6,1
archbishop_chancellor,938,238,0-1,14,4,0,4,1,3
archbishop_chancellor,939,145,1-0,9,5,1,4,4,1
archbishop_chancellor,940,159,1/2-1/2,11,13,11,2,6,7
archbishop_chancellor,941,209,1-0,17,5,0,5,4,1
archbishop_chancellor,942,107,1/2-1/2,25,14,9,5,7,7
archbishop_chancellor,943,142,1/2-1/2,16,10,6,4,5,5
archbishop_chancellor,944,189,1-0,19,5,1,4,4,1
archbishop_chancellor,945,110,0-1,28,12,7,5,4,8
archbishop_chancellor,946,199,1-0,9,4,1,3,3,1
archbishop_chancellor,947,73,1-0,38,13,5,8,7,6
archbishop_chancellor,948,111,1-0,19,9,5,4,6,3
archbishop_chancellor,949,209,1-0,17,5,1,4,4,1
archbishop_chancellor,950,231,1-0,19,5,1,4,4,1
archbishop_chancellor,951,154,0-1,14,4,0,4,1,3
archbishop_chancellor,952,172,0-1,15,7,3,4,2,5
archbishop_chancellor,953,102,0-1,21,11,6,5,5,6
archbishop_chancellor,954,133,1-0,17,9,5,4,8,1
archbishop_chancellor,955,200,0-1,5,3,0,3,1,2
archbishop_chancellor,956,161,1-0,15,5,1,4,4,1
archbishop_chancellor,957,125,1-0,19,9,5,4,6,3
archbishop_chancellor,958,153,1-0,18,4,0,4,3,1
archbishop_chancellor,959,137,1-0,20,8,3,5,7,1
archbishop_chancellor,960,148,0-1,16,8,4,4,2,6
archbishop_chancellor,961,164,1/2-1/2,3,3,0,3,1,2
archbishop_chancellor,962,148,0-1,20,8,4,4,2,6
archbishop_chancellor,963,244,1/2-1/2,13,5,0,5,2,3
archbishop_chancellor,964,210,0-1,12,6,3,3,3,3
archbishop_chancellor,965,211,1-0,23,5,0,5,4,1
archbishop_chancellor,966,142,0-1,21,8,4,4,2,6
archbishop_chancellor,967,137,1-0,19,9,5,4,7,2
archbishop_chancellor,968,159,1-0,18,6,2,4,5,1
archbishop_chancellor,969,206,0-1,11,5,1,4,1,4
archbishop_chancellor,970,154,0-1,19,5,1,4,1,4
archbishop_chancellor,971,162,0-1,17,7,2,5,2,5
archbishop_chancellor,972,133,1/2-1/2,0,2,0,2,1,1
archbishop_chancellor,973,206,0-1,14,6,2,4,1,5
archbishop_chancellor,974,139,1-0,20,6,2,4,5,1
archbishop_chancellor,975,140,0-1,18,8,4,4,4,4
archbishop_chancellor,976,94,0-1,24,12,8,4,4,8
archbishop_chancellor,977,205,1-0,18,4,0,4,3,1
archbishop_chancellor,978,153,1-0,17,5,0,5,4,1
archbishop_chancellor,979,151,1-0,9,3,0,3,2,1
archbishop_chancellor,980,65,1/2-1/2,76,25,11,14,13,12
archbishop_chancellor,981,84,1/2-1/2,51,17,7,10,9,8
archbishop_chancellor,982,142,0-1,16,8,4,4,2,6
archbishop_chancellor,983,143,1-0,23,9,5,4,8,1
archbishop_chancellor,984,166,0-1,5,5,2,3,1,4
archbishop_chancellor,985,120,1/2-1/2,22,8,4,4,4,4
archbishop_chancellor,986,147,1-0,16,8,4,4,7,1
archbishop_chancellor,987,132,0-1,18,5,1,4,1,4
archbishop_chancellor,988,208,0-1,9,7,3,4,3,4
archbishop_chancellor,989,203,1-0,16,10,7,3,7,3
archbishop_chancellor,990,270,0-1,21,11,7,4,3,8
archbishop_chancellor,991,279,1/2-1/2,20,6,1,5,4,2
archbishop_chancellor,992,194,1/2-1/2,24,11,7,4,5,6
archbishop_chancellor,993,124,0-1,20,10,6,4,4,6
archbishop_chancellor,994,158,0-1,16,6,2,4,1,5
archbishop_chancellor,995,161,1-0,27,10,5,5,6,4
archbishop_chancellor,996,382,0-1,29,14,9,5,6,8
archbishop_chancellor,997,366,0-1,9,3,0,3,1,2
archbishop_chancellor,998,151,1-0,15,7,2,5,6,1
archbishop_chancellor,999,127,1-0,25,9,4,5,7,2
archbishop_chancellor,1000,168,0-1,8,4,0,4,1,3
archbishop_chancellor,1001,177,1-0,22,6,1,5,5,1
archbishop_chancellor,1002,141,1-0,17,7,2,5,5,2
archbishop_chancellor,1003,121,1-0,22,8,4,4,7,1
archbishop_chancellor,1004,463,1/2-1/2,20,5,0,5,3,2
archbishop_chancellor,1005,183,1-0,27,7,1,6,5,2
archbishop_chancellor,1006,113,1-0,16,8,3,5,7,1
archbishop_chancellor,1007,125,1/2-1/2,32,13,7,6,7,6
archbishop_chancellor,1008,191,1-0,11,7,3,4,5,2
archbishop_chancellor,1009,182,0-1,19,7,2,5,1,6
archbishop_chancellor,1010,283,1/2-1/2,11,5,1,4,3,2
archbishop_chancellor,1011,270,0-1,9,5,1,4,1,4
archbishop_chancellor,1012,150,0-1,19,7,2,5,2,5
archbishop_chancellor,1013,173,1/2-1/2,0,2,0,2,1,1
archbishop_chancellor,1014,124,1/2-1/2,0,2,0,2,1,1
archbishop_chancellor,1015,172,0-1,5,3,0,3,1,2
archbishop_chancellor,1016,105,1-0,15,8,4,4,5,3
archbishop_chancellor,1017,126,0-1,22,8,4,4,3,5
archbishop_chancellor,1018,166,1/2-1/2,11,5,1,4,2,3
archbishop_chancellor,1019,182,0-1,14,6,2,4,2,4
archbishop_chancellor,1020,190,0-1,18,5,1,4,1,4
archbishop_chancellor,1021,180,0-1,18,4,0,4,1,3
archbishop_chancellor,1022,153,1-0,12,4,0,4,3,1
archbishop_chancellor,1023,187,1-0,7,5,2,3,4,1
archbishop_chancellor,1024,332,1/2-1/2,21,7,1,6,4,3
archbishop_chancellor,1025,274,0-1,10,6,1,5,2,4
archbishop_chancellor,1026,207,1-0,29,7,2,5,5,2
archbishop_chancellor,1027,163,1-0,17,6,1,5,4,2
archbishop_chancellor,1028,177,1/2-1/2,23,9,5,4,4,5
archbishop_chancellor,1029,157,1-0,17,5,0,5,4,1
archbishop_chancellor,1030,121,1-0,19,6,2,4,5,1
archbishop_chancellor,1031,143,1-0,27,8,1,7,6,2
archbishop_chancellor,1032,179,1-0,14,6,2,4,5,1
archbishop_chancellor,1033,134,1/2-1/2,3,3,0,3,1,2
archbishop_chancellor,1034,141,1-0,21,7,3,4,6,1
archbishop_chancellor,1035,69,1/2-1/2,42,19,10,9,9,10
archbishop_chancellor,1036,165,1-0,13,7,4,3,6,1
archbishop_chancellor,1037,155,1-0,14,6,2,4,5,1
archbishop_chancellor,1038,149,1/2-1/2,0,2,0,2,1,1
archbishop_chancellor,1039,197,1/2-1/2,17,6,1,5,3,3
archbishop_chancellor,1040,191,1-0,26,8,2,6,6,2
archbishop_chancellor,1041,249,1-0,5,3,0,3,2,1
archbishop_chancellor,1042,253,1-0,9,3,0,3,2,1
archbishop_chancellor,1043,133,1-0,16,6,2,4,5,1
archbishop_chancellor,1044,99,1/2-1/2,38,14,6,8,8,6
archbishop_chancellor,1045,177,1/2-1/2,23,9,4,5,4,5
archbishop_chancellor,1046,209,1/2-1/2,3,3,0,3,2,1
archbishop_chancellor,1047,139,1-0,19,5,1,4,3,2
archbishop_chancellor,1048,107,1-0,18,8,4,4,6,2
archbishop_chancellor,1049,181,1/2-1/2,3,3,0,3,2,1
archbishop_chancellor,1050,370,0-1,9,7,4,3,2,5
archbishop_chancellor,1051,163,1-0,16,8,4,4,6,2
archbishop_chancellor,1052,272,1/2-1/2,14,7,3,4,2,5
archbishop_chancellor,1053,175,1-0,13,5,1,4,3,2
archbishop_chancellor,1054,147,1-0,9,3,0,3,2,1
archbishop_chancellor,1055,68,1/2-1/2,93,25,8,17,12,13
archbishop_chancellor,1056,198,0-1,12,6,3,3,2,4
archbishop_chancellor,1057,159,1-0,18,4,0,4,3,1
archbishop_chancellor,1058,214,0-1,13,7,4,3,2,5
archbishop_chancellor,1059,119,1/2-1/2,35,11,3,8,6,5
archbishop_chancellor,1060,139,1/2-1/2,24,10,5,5,5,5
archbishop_chancellor,1061,129,1-0,19,5,1,4,4,1
archbishop_chancellor,1062,128,0-1,27,10,5,5,3,7
archbishop_chancellor,1063,203,1-0,17,4,0,4,3,1
archbishop_chancellor,1064,172,0-1,10,4,1,3,1,3
archbishop_chancellor,1065,133,1-0,18,6,1,5,5,1
archbishop_chancellor,1066,202,0-1,15,7,3,4,2,5
archbishop_chancellor,1067,205,1-0,15,5,0,5,4,1
archbishop_chancellor,1068,127,1-0,30,9,4,5,6,3
archbishop_chancellor,1069,142,0-1,18,8,4,4,2,6
archbishop_chancellor,1070,168,0-1,18,4,0,4,1,3
archbishop_chancellor,1071,134,0-1,37,13,6,7,5,8
archbishop_chancellor,1072,105,1-0,27,13,8,5,9,4
archbishop_chancellor,1073,155,1-0,12,8,4,4,5,3
archbishop_chancellor,1074,132,0-1,20,7,3,4,1,6
archbishop_chancellor,1075,130,0-1,18,8,3,5,1,7
archbishop_chancellor,1076,174,1/2-1/2,10,4,0,4,2,2
archbishop_chancellor,1077,92,0-1,45,14,6,8,7,7
archbishop_chancellor,1078,145,1-0,27,10,5,5,7,3
archbishop_chancellor,1079,136,0-1,17,7,3,4,2,5
archbishop_chancellor,1080,113,1-0,15,9,6,3,7,2
archbishop_chancellor,1081,76,1/2-1/2,60,20,10,10,10,10
archbishop_chancellor,1082,202,0-1,25,7,2,5,2,5
archbishop_chancellor,1083,252,1/2-1/2,3,3,0,3,1,2
archbishop_chancellor,1084,124,0-1,28,13,7,6,5,8
archbishop_chancellor,1085,111,1-0,28,11,5,6,7,4
archbishop_chancellor,1086,120,1/2-1/2,36,17,10,7,9,8
archbishop_chancellor,1087,199,1/2-1/2,21,11,5,6,5,6
archbishop_chancellor,1088,121,1/2-1/2,30,12,6,6,5,7
archbishop_chancellor,1089,156,0-1,20,6,2,4,1,5
archbishop_chancellor,1090,176,0-1,14,4,0,4,1,3
archbishop_chancellor,1091,117,1-0,19,10,6,4,4,6
archbishop_chancellor,1092,208,0-1,12,4,0,4,1,3
archbishop_chancellor,1093,297,1/2-1/2,22,10,5,5,4,6
archbishop_chancellor,1094,184,1/2-1/2,53,21,11,10,10,11
archbishop_chancellor,1095,156,0-1,20,8,3,5,3,5
archbishop_chancellor,1096,287,1-0,10,4,1,3,3,1
archbishop_chancellor,1097,215,1-0,24,6,1,5,5,1
archbishop_chancellor,1098,113,1-0,13,5,1,4,3,2
archbishop_chancellor,1099,151,1-0,10,4,1,3,3,1
archbishop_chancellor,1100,254,0-1,9,3,0,3,1,2
archbishop_chancellor,1101,97,1-0,22,9,5,4,7,2
archbishop_chancellor,1102,166,0-1,18,5,1,4,1,4
archbishop_chancellor,1103,150,0-1,18,7,2,5,1,6
archbishop_chancellor,1104,170,1/2-1/2,1,3,1,2,1,2
archbishop_chancellor,1105,152,0-1,20,11,6,5,4,7
archbishop_chancellor,1106,271,1-0,12,4,0,4,3,1
archbishop_chancellor,1107,125,1/2-1/2,2,4,2,2,2,2
archbishop_chancellor,1108,162,0-1,31,11,4,7,6,5
archbishop_chancellor,1109,132,0-1,16,9,5,4,2,7
archbishop_chancellor,1110,148,0-1,19,6,2,4,1,5
archbishop_chancellor,1111,164,1/2-1/2,12,6,2,4,3,3
archbishop_chancellor,1112,124,0-1,20,7,3,4,1,6
archbishop_chancellor,1113,169,1/2-1/2,33,12,6,6,6,6
archbishop_chancellor,1114,138,0-1,15,5,1,4,2,3
archbishop_chancellor,1115,127,1-0,21,8,4,4,7,1
archbishop_chancellor,1116,125,1/2-1/2,14,8,4,4,4,4
archbishop_chancellor,1117,206,1/2-1/2,12,10,6,4,5,5
archbishop_chancellor,1118,133,1-0,27,7,1,6,5,2
archbishop_chancellor,1119,131,1/2-1/2,11,7,3,4,2,5
archbishop_chancellor,1120,146,0-1,17,5,0,5,1,4
archbishop_chancellor,1121,126,0-1,19,10,5,5,2,8
archbishop_chancellor,1122,185,1-0,7,5,2,3,3,2
archbishop_chancellor,1123,283,1-0,9,3,0,3,2,1
archbishop_chancellor,1124,184,0-1,12,5,1,4,1,4
archbishop_chancellor,1125,109,1-0,14,8,4,4,7,1
archbishop_chancellor,1126,175,1-0,18,5,1,4,4,1
archbishop_chancellor,1127,311,1-0,18,10,6,4,7,3
archbishop_chancellor,1128,216,0-1,9,3,0,3,1,2
archbishop_chancellor,1129,108,0-1,20,12,8,4,4,8
archbishop_chancellor,1130,118,0-1,21,10,5,5,3,7
archbishop_chancellor,1131,178,0-1,17,6,1,5,1,5
archbishop_chancellor,1132,120,1/2-1/2,0,2,0,2,1,1
archbishop_chancellor,1133,116,0-1,15,8,4,4,3,5
archbishop_chancellor,1134,253,1-0,9,3,0,3,2,1
archbishop_chancellor,1135,94,0-1,35,15,8,7,6,9
archbishop_chancellor,1136,130,0-1,27,12,6,6,3,9
archbishop_chancellor,1137,144,1/2-1/2,29,11,5,6,5,6
archbishop_chancellor,1138,193,1-0,23,10,6,4,8,2
archbishop_chancellor,1139,198,0-1,19,8,3,5,1,7
archbishop_chancellor,1140,163,1/2-1/2,90,28,14,14,14,14
archbishop_chancellor,1141,241,1/2-1/2,9,7,3,4,3,4
archbishop_chancellor,1142,138,0-1,12,6,2,4,2,4
archbishop_chancellor,1143,227,1-0,8,3,0,3,2,1
archbishop_chancellor,1144,287,1-0,8,3,0,3,2,1
archbishop_chancellor,1145,99,1/2-1/2,42,15,6,9,8,7
archbishop_chancellor,1146,185,1/2-1/2,0,2,0,2,1,1
archbishop_chancellor,1147,155,1/2-1/2,20,6,2,4,3,3
archbishop_chancellor,1148,172,0-1,14,6,2,4,1,5
archbishop_chancellor,1149,224,0-1,28,12,6,6,5,7
archbishop_chancellor,1150,299,1-0,22,8,4,4,5,3
archbishop_chancellor,1151,157,1-0,10,4,1,3,3,1
archbishop_chancellor,1152,147,1-0,11,5,2,3,4,1
archbishop_chancellor,1153,139,1/2-1/2,16,10,6,4,5,5
archbishop_chancellor,1154,207,1-0,8,4,0,4,3,1
archbishop_chancellor,1155,209,1-0,11,7,3,4,5,2
archbishop_chancellor,1156,171,1/2-1/2,44,17,9,8,7,10
archbishop_chancellor,1157,131,1/2-1/2,16,10,6,4,5,5
archbishop_chancellor,1158,132,1/2-1/2,53,20,10,10,10,10
archbishop_chancellor,1159,131,1-0,19,7,2,5,6,1
archbishop_chancellor,1160,145,1-0,13,5,1,4,4,1
archbishop_chancellor,1161,148,0-1,24,10,6,4,3,7
archbishop_chancellor,1162,129,1-0,18,6,2,4,5,1
archbishop_chancellor,1163,132,0-1,20,10,5,5,2,8
archbishop_chancellor,1164,143,1-0,16,6,2,4,5,1
archbishop_chancellor,1165,72,1/2-1/2,79,23,11,12,11,12
archbishop_chancellor,1166,134,0-1,22,7,2,5,1,6
archbishop_chancellor,1167,162,0-1,15,7,3,4,1,6
archbishop_chancellor,1168,239,1/2-1/2,13,7,3,4,4,3
archbishop_chancellor,1169,178,0-1,15,7,3,4,1,6
archbishop_chancellor,1170,141,1-0,20,7,3,4,6,1
archbishop_chancellor,1171,155,1-0,9,5,1,4,4,1
archbishop_chancellor,1172,123,1-0,23,10,5,5,8,2
archbishop_chancellor,1173,191,1-0,13,5,1,4,4,1
archbishop_chancellor,1174,141,1-0,19,5,1,4,4,1
archbishop_chancellor,1175,165,1-0,18,6,2,4,5,1
archbishop_chancellor,1176,158,0-1,20,10,6,4,2,8
archbishop_chancellor,1177,339,1/2-1/2,7,5,1,4,2,3
archbishop_chancellor,1178,116,0-1,22,9,5,4,3,6
archbishop_chancellor,1179,136,0-1,17,7,3,4,3,4
archbishop_chancellor,1180,170,0-1,26,11,6,5,2,9
archbishop_chancellor,1181,132,0-1,17,9,5,4,3,6
archbishop_chancellor,1182,182,0-1,8,4,0,4,1,3
archbishop_chancellor,1183,156,0-1,21,8,4,4,3,5
archbishop_chancellor,1184,217,1/2-1/2,19,7,2,5,5,2
archbishop_chancellor,1185,186,0-1,23,9,5,4,2,7
archbishop_chancellor,1186,159,1-0,21,9,4,5,7,2
archbishop_chancellor,1187,126,1/2-1/2,14,8,4,4,4,4
archbishop_chancellor,1188,244,0-1,9,3,0,3,1,2
archbishop_chancellor,1189,151,1-0,18,8,4,4,5,3
archbishop_chancellor,1190,117,1-0,32,15,10,5,8,7
archbishop_chancellor,1191,408,1/2-1/2,0,2,0,2,1,1
archbishop_chancellor,1192,193,1/2-1/2,28,11,5,6,6,5
archbishop_chancellor,1193,452,1/2-1/2,6,4,0,4,2,2
archbishop_chancellor,1194,245,1-0,8,3,0,3,2,1
archbishop_chancellor,1195,131,1-0,12,6,3,3,5,1
archbishop_chancellor,1196,169,1-0,11,6,3,3,4,2
archbishop_chancellor,1197,168,0-1,5,3,0,3,1,2
archbishop_chancellor,1198,197,1-0,5,3,0,3,2,1
archbishop_chancellor,1199,176,1/2-1/2,15,7,2,5,4,3
archbishop_chancellor,1200,212,1/2-1/2,11,5,1,4,3,2
archbishop_chancellor,1201,180,0-1,12,7,4,3,1,6
archbishop_chancellor,1202,148,0-1,18,8,4,4,2,6
archbishop_chancellor,1203,157,1-0,5,3,0,3,2,1
archbishop_chancellor,1204,137,1-0,16,6,2,4,5,1
archbishop_chancellor,1205,109,1-0,18,9,5,4,7,2
archbishop_chancellor,1206,295,1/2-1/2,6,4,0,4,2,2
archbishop_chancellor,1207,143,1-0,18,6,1,5,4,2
archbishop_chancellor,1208,135,1-0,16,7,3,4,6,1
archbishop_chancellor,1209,132,1/2-1/2,4,6,4,2,3,3
archbishop_chancellor,1210,161,1-0,12,4,0,4,3,1
archbishop_chancellor,1211,137,1-0,10,6,2,4,4,2
archbishop_chancellor,1212,124,1/2-1/2,24,14,8,6,7,7
archbishop_chancellor,1213,113,1-0,49,17,7,10,9,8
archbishop_chancellor,1214,99,1/2-1/2,66,16,6,10,8,8
archbishop_chancellor,1215,135,1-0,13,5,1,4,4,1
archbishop_chancellor,1216,103,1-0,18,8,4,4,6,2
archbishop_chancellor,1217,232,0-1,19,5,0,5,1,4
archbishop_chancellor,1218,207,1/2-1/2,40,22,14,8,11,11
archbishop_chancellor,1219,70,1/2-1/2,64,22,10,12,11,11
archbishop_chancellor,1220,136,0-1,19,10,6,4,3,7
archbishop_chancellor,1221,139,1/2-1/2,30,10,4,6,6,4
archbishop_chancellor,1222,174,0-1,6,4,1,3,1,3
archbishop_chancellor,1223,150,0-1,17,5,0,5,1,4
archbishop_chancellor,1224,91,1/2-1/2,61,21,10,11,11,10
archbishop_chancellor,1225,130,0-1,22,8,4,4,3,5
archbishop_chancellor,1226,126,1/2-1/2,14,8,4,4,4,4
archbishop_chancellor,1227,155,1-0,22,8,4,4,7,1
archbishop_chancellor,1228,101,1-0,20,12,8,4,7,5
archbishop_chancellor,1229,151,1-0,12,8,4,4,7,1
archbishop_chancellor,1230,113,1-0,19,7,3,4,6,1
archbishop_chancellor,1231,121,1-0,11,6,3,3,5,1
archbishop_chancellor,1232,128,0-1,19,6,2,4,1,5
archbishop_chancellor,1233,131,1-0,24,7,2,5,6,1
archbishop_chancellor,1234,77,1-0,22,12,8,4,7,5
archbishop_chancellor,1235,119,1/2-1/2,11,5,1,4,2,3
archbishop_chancellor,1236,195,1-0,10,6,2,4,5,1
archbishop_chancellor,1237,183,1-0,5,3,0,3,2,1
archbishop_chancellor,1238,261,1/2-1/2,13,7,3,4,3,4
archbishop_chancellor,1239,211,1/2-1/2,11,9,5,4,4,5
archbishop_chancellor,1240,326,1/2-1/2,11,5,1,4,2,3
archbishop_chancellor,1241,307,1-0,21,7,3,4,6,1
archbishop_chancellor,1242,289,1-0,8,4,0,4,3,1
archbishop_chancellor,1243,93,1-0,20,11,7,4,8,3
archbishop_chancellor,1244,247,1-0,8,3,0,3,2,1
archbishop_chancellor,1245,151,1-0,26,6,0,6,4,2
archbishop_chancellor,1246,179,1-0,11,4,0,4,3,1
archbishop_chancellor,1247,77,1-0,55,21,10,11,12,9
archbishop_chancellor,1248,133,1-0,21,6,1,5,5,1
archbishop_chancellor,1249,217,1-0,17,5,1,4,4,1
archbishop_chancellor,1250,179,1-0,18,4,0,4,3,1
archbishop_chancellor,1251,87,1-0,22,12,7,5,7,5
archbishop_chancellor,1252,347,1/2-1/2,7,5,1,4,3,2
archbishop_chancellor,1253,311,1/2-1/2,3,3,0,3,2,1
archbishop_chancellor,1254,130,1/2-1/2,44,18,10,8,8,10
archbishop_chancellor,1255,109,1-0,20,10,6,4,6,4
archbishop_chancellor,1256,91,1-0,39,15,9,6,9,6
archbishop_chancellor,1257,150,0-1,21,7,3,4,1,6
archbishop_chancellor,1258,286,1/2-1/2,9,7,3,4,3,4
archbishop_chancellor,1259,149,1-0,22,9,5,4,7,2
archbishop_chancellor,1260,135,1-0,8,6,3,3,5,1
archbishop_chancellor,1261,232,0-1,19,6,2,4,1,5
archbishop_chancellor,1262,168,0-1,13,5,1,4,1,4
archbishop_chancellor,1263,109,1/2-1/2,28,11,5,6,5,6
archbishop_chancellor,1264,178,1/2-1/2,1,3,1,2,1,2
archbishop_chancellor,1265,176,0-1,18,4,0,4,1,3
archbishop_chancellor,1266,192,0-1,5,3,0,3,1,2
archbishop_chancellor,1267,115,1-0,16,7,2,5,5,2
archbishop_chancellor,1268,158,0-1,17,5,1,4,2,3
archbishop_chancellor,1269,135,1-0,19,7,2,5,6,1
archbishop_chancellor,1270,172,0-1,20,7,3,4,1,6
archbishop_chancellor,1271,168,0-1,5,3,0,3,1,2
archbishop_chancellor,1272,175,1-0,22,6,1,5,4,2
archbishop_chancellor,1273,173,1/2-1/2,3,3,0,3,2,1
archbishop_chancellor,1274,169,1-0,17,9,5,4,5,4
archbishop_chancellor,1275,157,1-0,21,9,4,5,6,3
archbishop_chancellor,1276,163,1/2-1/2,35,13,7,6,7,6
archbishop_chancellor,1277,125,1-0,27,11,6,5,8,3
archbishop_chancellor,1278,135,1/2-1/2,7,5,2,3,3,2
archbishop_chancellor,1279,158,0-1,16,6,2,4,1,5
archbishop_chancellor,1280,159,1-0,13,7,4,3,5,2
archbishop_chancellor,1281,110,0-1,21,8,3,5,2,6
archbishop_chancellor,1282,220,1/2-1/2,15,9,5,4,4,5
archbishop_chancellor,1283,181,1-0,19,5,1,4,4,1
archbishop_chancellor,1284,138,1/2-1/2,11,5,1,4,3,2
archbishop_chancellor,1285,112,0-1,17,7,3,4,3,4
archbishop_chancellor,1286,157,1-0,16,6,2,4,5,1
archbishop_chancellor,1287,148,0-1,13,7,4,3,2,5
archbishop_chancellor,1288,272,0-1,14,4,0,4,1,3
archbishop_chancellor,1289,74,1/2-1/2,66,23,10,13,12,11
archbishop_chancellor,1290,212,0-1,22,8,4,4,2,6
archbishop_chancellor,1291,166,0-1,14,6,2,4,2,4
archbishop_chancellor,1292,144,0-1,36,13,7,6,3,10
archbishop_chancellor,1293,151,1-0,14,7,3,4,5,2
archbishop_chancellor,1294,172,0-1,18,10,5,5,3,7
archbishop_chancellor,1295,125,1-0,24,12,6,6,8,4
archbishop_chancellor,1296,166,0-1,16,6,2,4,2,4
archbishop_chancellor,1297,159,1-0,15,5,1,4,3,2
archbishop_chancellor,1298,174,0-1,14,4,0,4,1,3
archbishop_chancellor,1299,147,1/2-1/2,3,3,0,3,2,1
archbishop_chancellor,1300,145,1/2-1/2,24,10,5,5,6,4
archbishop_chancellor,1301,69,1-0,40,17,10,7,11,6
archbishop_chancellor,1302,103,1-0,27,11,5,6,7,4
archbishop_chancellor,1303,143,1-0,16,6,2,4,5,1
archbishop_chancellor,1304,256,0-1,19,5,1,4,1,4
archbishop_chancellor,1305,121,1/2-1/2,12,10,6,4,5,5
archbishop_chancellor,1306,164,0-1,25,7,2,5,1,6
archbishop_chancellor,1307,130,0-1,23,9,4,5,2,7
archbishop_chancellor,1308,151,1-0,20,6,2,4,5,1
archbishop_chancellor,1309,132,1/2-1/2,12,10,6,4,5,5
archbishop_chancellor,1310,226,0-1,9,3,0,3,1,2
archbishop_chancellor,1311,100,0-1,48,18,11,7,8,10
archbishop_chancellor,1312,158,0-1,20,6,2,4,1,5
archbishop_chancellor,1313,164,0-1,11,5,2,3,3,2
archbishop_chancellor,1314,47,1/2-1/2,105,31,11,20,16,15
archbishop_chancellor,1315,162,0-1,21,9,4,5,1,8
archbishop_chancellor,1316,135,1-0,22,9,5,4,7,2
archbishop_chancellor,1317,195,1-0,21,10,5,5,7,3
archbishop_chancellor,1318,212,0-1,5,3,0,3,1,2
archbishop_chancellor,1319,147,1-0,11,5,2,3,3,2
archbishop_chancellor,1320,178,0-1,8,4,0,4,1,3
archbishop_chancellor,1321,53,1-0,77,27,14,13,14,13
archbishop_chancellor,1322,150,1/2-1/2,26,10,4,6,5,5
archbishop_chancellor,1323,177,1-0,20,8,3,5,6,2
archbishop_chancellor,1324,167,1-0,11,5,2,3,4,1
archbishop_chancellor,1325,147,1-0,13,5,1,4,4,1
archbishop_chancellor,1326,201,1-0,9,3,0,3,2,1
archbishop_chancellor,1327,199,1-0,9,3,0,3,2,1
archbishop_chancellor,1328,115,1-0,26,13,9,4,8,5
archbishop_chancellor,1329,234,1/2-1/2,10,4,0,4,2,2
archbishop_chancellor,1330,162,0-1,22,6,1,5,1,5
archbishop_chancellor,1331,156,0-1,16,7,3,4,2,5
archbishop_chancellor,1332,111,1-0,20,12,6,6,9,3
archbishop_chancellor,1333,149,1-0,19,5,1,4,4,1
archbishop_chancellor,1334,208,0-1,17,4,0,4,1,3
archbishop_chancellor,1335,164,0-1,16,6,2,4,1,5
archbishop_chancellor,1336,247,1-0,18,10,6,4,7,3
archbishop_chancellor,1337,103,1-0,27,10,5,5,7,3
archbishop_chancellor,1338,136,0-1,12,6,3,3,2,4
archbishop_chancellor,1339,129,1-0,15,6,2,4,5,1
archbishop_chancellor,1340,146,0-1,16,6,2,4,1,5
archbishop_chancellor,1341,334,1/2-1/2,3,3,0,3,1,2
archbishop_chancellor,1342,229,1-0,17,5,0,5,4,1
archbishop_chancellor,1343,104,0-1,25,10,4,6,3,7
archbishop_chancellor,1344,275,1-0,18,5,1,4,3,2
archbishop_chancellor,1345,169,1-0,12,6,3,3,4,2
archbishop_chancellor,1346,345,1-0,10,4,1,3,3,1
archbishop_chancellor,1347,174,0-1,16,6,2,4,3,3
archbishop_chancellor,1348,157,1-0,14,7,3,4,5,2
archbishop_chancellor,1349,132,0-1,13,7,3,4,2,5
archbishop_chancellor,1350,211,1-0,18,4,0,4,3,1
archbishop_chancellor,1351,206,0-1,12,4,0,4,1,3
archbishop_chancellor,1352,178,0-1,16,6,2,4,1,5
archbishop_chancellor,1353,132,1/2-1/2,11,5,1,4,3,2
archbishop_chancellor,1354,170,0-1,9,7,4,3,2,5
archbishop_chancellor,1355,156,0-1,16,7,2,5,1,6
archbishop_chancellor,1356,105,1-0,22,13,9,4,9,4
archbishop_chancellor,1357,108,0-1,19,9,5,4,4,5
archbishop_chancellor,1358,111,1-0,32,12,5,7,7,5
archbishop_chancellor,1359,120,0-1,27,11,6,5,3,8
archbishop_chancellor,1360,202,0-1,14,6,2,4,1,5
archbishop_chancellor,1361,161,1-0,23,9,5,4,7,2
archbishop_chancellor,1362,153,1-0,13,5,1,4,4,1
archbishop_chancellor,1363,105,1-0,16,9,5,4,6,3
archbishop_chancellor,1364,247,1-0,20,7,3,4,5,2
archbishop_chancellor,1365,130,1/2-1/2,3,3,0,3,1,2
archbishop_chancellor,1366,151,1-0,20,10,5,5,8,2
archbishop_chancellor,1367,146,0-1,14,8,5,3,3,5
archbishop_chancellor,1368,142,1/2-1/2,10,12,10,2,6,6
archbishop_chancellor,1369,153,1/2-1/2,29,10,3,7,5,5
archbishop_chancellor,1370,107,1-0,30,13,6,7,8,5
archbishop_chancellor,1371,121,1/2-1/2,36,13,5,8,6,7
archbishop_chancellor,1372,197,1-0,15,5,1,4,4,1
archbishop_chancellor,1373,201,1/2-1/2,21,7,3,4,3,4
archbishop_chancellor,1374,229,1-0,22,8,4,4,5,3
archbishop_chancellor,1375,143,1-0,21,7,3,4,5,2
archbishop_chancellor,1376,230,0-1,15,5,1,4,1,4
archbishop_chancellor,1377,111,1/2-1/2,34,16,10,6,9,7
archbishop_chancellor,1378,91,1-0,27,13,8,5,7,6
archbishop_chancellor,1379,133,1-0,14,9,6,3,6,3
archbishop_chancellor,1380,234,1/2-1/2,8,4,0,4,2,2
archbishop_chancellor,1381,281,1-0,9,3,0,3,2,1
archbishop_chancellor,1382,185,1-0,16,5,0,5,4,1
archbishop_chancellor,1383,174,0-1,15,5,1,4,1,4
archbishop_chancellor,1384,147,1-0,20,10,6,4,8,2
archbishop_chancellor,1385,114,1/2-1/2,18,12,8,4,6,6
archbishop_chancellor,1386,174,1/2-1/2,0,2,0,2,1,1
archbishop_chancellor,1387,179,1/2-1/2,6,4,0,4,2,2
archbishop_chancellor,1388,132,0-1,17,8,4,4,2,6
archbishop_chancellor,1389,174,0-1,18,4,0,4,1,3
archbishop_chancellor,1390,120,0-1,20,10,5,5,2,8
archbishop_chancellor,1391,150,0-1,12,6,3,3,2,4
archbishop_chancellor,1392,121,1-0,22,11,6,5,8,3
archbishop_chancellor,1393,116,1/2-1/2,12,10,6,4,5,5
archbishop_chancellor,1394,142,0-1,41,18,11,7,7,11
archbishop_chancellor,1395,106,0-1,35,13,7,6,5,8
archbishop_chancellor,1396,171,1/2-1/2,3,3,0,3,2,1
archbishop_chancellor,1397,147,1-0,13,7,4,3,6,1
archbishop_chancellor,1398,127,1-0,20,10,6,4,6,4
archbishop_chancellor,1399,107,1/2-1/2,27,13,9,4,7,6
archbishop_chancellor,1400,129,1-0,20,8,4,4,7,1
archbishop_chancellor,1401,94,0-1,33,15,9,6,6,9
archbishop_chancellor,1402,262,0-1,6,4,0,4,1,3
archbishop_chancellor,1403,131,1-0,32,11,4,7,7,4
archbishop_chancellor,1404,215,1-0,19,5,1,4,4,1
archbishop_chancellor,1405,137,1/2-1/2,8,6,2,4,3,3
archbishop_chancellor,1406,170,0-1,21,8,4,4,1,7
archbishop_chancellor,1407,127,1-0,21,8,4,4,6,2
archbishop_chancellor,1408,134,1/2-1/2,24,10,6,4,5,5
archbishop_chancellor,1409,170,0-1,19,6,2,4,1,5
archbishop_chancellor,1410,122,0-1,35,12,5,7,4,8
archbishop_chancellor,1411,78,0-1,57,23,12,11,10,13
archbishop_chancellor,1412,158,0-1,16,6,2,4,1,5
archbishop_chancellor,1413,200,0-1,15,7,3,4,1,6
archbishop_chancellor,1414,204,0-1,17,4,0,4,1,3
archbishop_chancellor,1415,100,1/2-1/2,31,13,5,8,6,7
archbishop_chancellor,1416,100,0-1,25,11,6,5,5,6
archbishop_chancellor,1417,175,1-0,14,5,1,4,4,1
archbishop_chancellor,1418,171,1-0,12,6,3,3,5,1
archbishop_chancellor,1419,127,1-0,17,5,0,5,3,2
archbishop_chancellor,1420,201,1-0,14,4,0,4,3,1
archbishop_chancellor,1421,218,1/2-1/2,19,13,8,5,7,6
archbishop_chancellor,1422,113,1/2-1/2,12,6,2,4,3,3
archbishop_chancellor,1423,311,1/2-1/2,6,4,0,4,2,2
archbishop_chancellor,1424,220,0-1,9,3,0,3,1,2
archbishop_chancellor,1425,154,1/2-1/2,0,2,0,2,1,1
archbishop_chancellor,1426,149,1-0,14,5,1,4,4,1
archbishop_chancellor,1427,137,1-0,20,7,3,4,6,1
archbishop_chancellor,1428,191,1-0,9,5,1,4,4,1
archbishop_chancellor,1429,205,1-0,12,4,0,4,3,1
archbishop_chancellor,1430,181,1/2-1/2,20,8,4,4,4,4
archbishop_chancellor,1431,328,1/2-1/2,71,23,11,12,11,12
archbishop_chancellor,1432,135,1-0,23,12,7,5,7,5
archbishop_chancellor,1433,193,1-0,26,8,2,6,5,3
archbishop_chancellor,1434,172,1/2-1/2,21,7,1,6,4,3
archbishop_chancellor,1435,149,1-0,7,5,2,3,3,2
archbishop_chancellor,1436,121,1-0,12,7,4,3,5,2
archbishop_chancellor,1437,91,1-0,35,14,8,6,9,5
archbishop_chancellor,1438,151,1-0,5,3,0,3,2,1
archbishop_chancellor,1439,151,1-0,23,10,5,5,7,3
archbishop_chancellor,1440,351,1/2-1/2,3,3,0,3,1,2
archbishop_chancellor,1441,139,1/2-1/2,34,13,7,6,6,7
archbishop_chancellor,1442,125,1-0,29,10,5,5,7,3
archbishop_chancellor,1443,229,1/2-1/2,96,30,14,16,15,15
archbishop_chancellor,1444,176,0-1,22,8,2,6,2,6
archbishop_chancellor,1445,146,1/2-1/2,15,9,5,4,5,4
archbishop_chancellor,1446,173,1-0,18,5,1,4,4,1
archbishop_chancellor,1447,163,1-0,5,3,0,3,2,1
archbishop_chancellor,1448,133,1-0,19,5,1,4,4,1
archbishop_chancellor,1449,175,1-0,8,4,0,4,3,1
archbishop_chancellor,1450,186,0-1,7,5,2,3,2,3
archbishop_chancellor,1451,241,1/2-1/2,14,8,4,4,4,4
archbishop_chancellor,1452,148,0-1,22,10,5,5,3,7
archbishop_chancellor,1453,249,1/2-1/2,11,9,5,4,4,5
archbishop_chancellor,1454,117,1/2-1/2,43,16,8,8,6,10
archbishop_chancellor,1455,250,0-1,18,4,0,4,1,3
archbishop_chancellor,1456,150,0-1,5,3,0,3,1,2
archbishop_chancellor,1457,233,1-0,18,4,0,4,2,2
archbishop_chancellor,1458,134,0-1,25,10,5,5,4,6
archbishop_chancellor,1459,95,1-0,39,15,8,7,9,6
archbishop_chancellor,1460,309,1-0,11,5,1,4,4,1
archbishop_chancellor,1461,141,1-0,18,4,0,4,3,1
archbishop_chancellor,1462,199,1-0,11,4,0,4,3,1
archbishop_chancellor,1463,177,1-0,9,7,4,3,5,2
archbishop_chancellor,1464,143,1/2-1/2,7,5,1,4,2,3
archbishop_chancellor,1465,148,0-1,11,7,3,4,1,6
archbishop_chancellor,1466,165,1-0,9,3,0,3,2,1
archbishop_chancellor,1467,147,1/2-1/2,10,8,4,4,4,4
archbishop_chancellor,1468,145,1/2-1/2,10,4,0,4,2,2
archbishop_chancellor,1469,168,0-1,10,4,1,3,2,2
archbishop_chancellor,1470,187,1-0,17,5,0,5,4,1
archbishop_chancellor,1471,140,0-1,9,3,0,3,1,2
archbishop_chancellor,1472,245,1/2-1/2,0,2,0,2,1,1
archbishop_chancellor,1473,157,1-0,12,6,3,3,4,2
archbishop_chancellor,1474,126,0-1,19,11,7,4,5,6
archbishop_chancellor,1475,103,1-0,17,7,3,4,6,1
archbishop_chancellor,1476,151,1/2-1/2,1,3,1,2,2,1
archbishop_chancellor,1477,97,1/2-1/2,26,12,6,6,6,6
archbishop_chancellor,1478,144,1/2-1/2,31,11,5,6,7,4
archbishop_chancellor,1479,160,1/2-1/2,22,8,4,4,4,4
archbishop_chancellor,1480,176,0-1,12,6,3,3,2,4
archbishop_chancellor,1481,127,1-0,20,8,3,5,6,2
archbishop_chancellor,1482,175,1-0,13,4,0,4,3,1
archbishop_chancellor,1483,179,1-0,13,5,1,4,4,1
archbishop_chancellor,1484,82,1/2-1/2,32,11,5,6,6,5
archbishop_chancellor,1485,105,1-0,36,15,9,6,8,7
archbishop_chancellor,1486,71,1-0,51,16,7,9,11,5
archbishop_chancellor,1487,184,0-1,18,7,2,5,1,6
archbishop_chancellor,1488,179,1-0,11,5,0,5,4,1
archbishop_chancellor,1489,135,1-0,20,6,2,4,5,1
archbishop_chancellor,1490,142,0-1,18,10,6,4,4,6
archbishop_chancellor,1491,166,1/2-1/2,49,17,9,8,9,8
archbishop_chancellor,1492,129,1-0,20,7,3,4,6,1
archbishop_chancellor,1493,162,1/2-1/2,17,7,1,6,3,4
archbishop_chancellor,1494,178,0-1,17,4,0,4,1,3
archbishop_chancellor,1495,191,1-0,8,3,0,3,2,1
archbishop_chancellor,1496,147,1-0,15,8,4,4,6,2
archbishop_chancellor,1497,158,0-1,13,7,4,3,2,5
archbishop_chancellor,1498,151,1-0,21,7,3,4,5,2
archbishop_chancellor,1499,122,0-1,19,6,2,4,1,5
archbishop_chancellor,1500,99,1-0,16,9,5,4,7,2
archbishop_chancellor,1501,110,0-1,15,5,1,4,1,4
archbishop_chancellor,1502,176,0-1,20,6,2,4,2,4
archbishop_chancellor,1503,165,1-0,14,6,2,4,5,1
archbishop_chancellor,1504,62,1/2-1/2,82,26,12,14,13,13
archbishop_chancellor,1505,87,1/2-1/2,42,16,9,7,9,7
archbishop_chancellor,1506,150,0-1,33,9,2,7,3,6
archbishop_chancellor,1507,154,0-1,19,6,2,4,2,4
archbishop_chancellor,1508,170,0-1,12,4,0,4,1,3
archbishop_chancellor,1509,199,1-0,9,3,0,3,2,1
archbishop_chancellor,1510,177,1/2-1/2,11,5,1,4,3,2
archbishop_chancellor,1511,145,1-0,9,3,0,3,2,1
archbishop_chancellor,1512,212,0-1,21,7,3,4,2,5
archbishop_chancellor,1513,211,1-0,16,8,4,4,5,3
archbishop_chancellor,1514,215,1-0,11,5,2,3,4,1
archbishop_chancellor,1515,109,1-0,16,6,2,4,5,1
archbishop_chancellor,1516,204,1/2-1/2,10,4,0,4,2,2
archbishop_chancellor,1517,172,0-1,20,6,1,5,2,4
archbishop_chancellor,1518,103,1/2-1/2,33,13,6,7,6,7
archbishop_chancellor,1519,208,0-1,19,7,2,5,1,6
archbishop_chancellor,1520,150,0-1,21,6,1,5,1,5
archbishop_chancellor,1521,139,1-0,23,11,6,5,7,4
archbishop_chancellor,1522,140,0-1,27,6,1,5,2,4
archbishop_chancellor,1523,258,1/2-1/2,30,12,6,6,7,5
archbishop_chancellor,1524,203,1/2-1/2,11,5,1,4,2,3
archbishop_chancellor,1525,173,1/2-1/2,4,6,4,2,3,3
archbishop_chancellor,1526,168,0-1,13,5,1,4,2,3
archbishop_chancellor,1527,123,1-0,26,11,6,5,8,3
archbishop_chancellor,1528,100,0-1,32,13,7,6,7,6
archbishop_chancellor,1529,163,1-0,21,7,3,4,5,2
archbishop_chancellor,1530,351,1/2-1/2,57,24,14,10,12,12
archbishop_chancellor,1531,153,1-0,16,6,2,4,5,1
archbishop_chancellor,1532,89,1-0,42,14,7,7,8,6
archbishop_chancellor,1533,152,0-1,21,9,4,5,2,7
archbishop_chancellor,1534,134,0-1,12,8,4,4,1,7
archbishop_chancellor,1535,98,1/2-1/2,37,16,8,8,8,8
archbishop_chancellor,1536,212,1/2-1/2,14,12,8,4,6,6
archbishop_chancellor,1537,303,1-0,9,3,0,3,2,1
archbishop_chancellor,1538,263,1/2-1/2,33,13,7,6,7,6
archbishop_chancellor,1539,165,1/2-1/2,32,14,8,6,7,7
archbishop_chancellor,1540,147,1-0,10,5,2,3,4,1
archbishop_chancellor,1541,181,1/2-1/2,25,12,8,4,6,6
archbishop_chancellor,1542,191,1-0,12,4,0,4,3,1
archbishop_chancellor,1543,186,0-1,9,3,0,3,1,2
archbishop_chancellor,1544,217,1/2-1/2,0,2,0,2,1,1
archbishop_chancellor,1545,155,1-0,16,8,4,4,7,1
archbishop_chancellor,1546,137,1-0,21,9,4,5,7,2
archbishop_chancellor,1547,205,1-0,14,4,0,4,3,1
archbishop_chancellor,1548,130,0-1,22,8,4,4,3,5
archbishop_chancellor,1549,219,1-0,5,3,0,3,2,1
archbishop_chancellor,1550,111,1/2-1/2,52,20,10,10,11,9
archbishop_chancellor,1551,126,0-1,23,8,3,5,2,6
archbishop_chancellor,1552,109,1-0,22,8,4,4,6,2
archbishop_chancellor,1553,176,0-1,14,4,0,4,1,3
archbishop_chancellor,1554,223,1-0,10,4,1,3,3,1
archbishop_chancellor,1555,229,1-0,9,3,0,3,2,1
archbishop_chancellor,1556,257,1/2-1/2,49,21,13,8,11,10
archbishop_chancellor,1557,129,1-0,14,6,2,4,4,2
archbishop_chancellor,1558,125,1-0,15,8,4,4,6,2
archbishop_chancellor,1559,99,1-0,38,15,8,7,8,7
archbishop_chancellor,1560,147,1/2-1/2,52,22,14,8,11,11
archbishop_chancellor,1561,245,1-0,8,3,0,3,2,1
archbishop_chancellor,1562,166,1/2-1/2,20,6,2,4,3,3
archbishop_chancellor,1563,188,0-1,8,4,0,4,1,3
archbishop_chancellor,1564,412,1/2-1/2,17,11,7,4,5,6
archbishop_chancellor,1565,121,1-0,25,9,3,6,8,1
archbishop_chancellor,1566,256,1/2-1/2,3,3,0,3,1,2
archbishop_chancellor,1567,148,0-1,20,6,2,4,2,4
archbishop_chancellor,1568,123,1-0,13,6,2,4,5,1
archbishop_chancellor,1569,221,1-0,5,3,0,3,2,1
archbishop_chancellor,1570,146,1/2-1/2,15,6,2,4,4,2
archbishop_chancellor,1571,174,1/2-1/2,42,14,7,7,8,6
archbishop_chancellor,1572,246,0-1,21,7,3,4,1,6
archbishop_chancellor,1573,148,1/2-1/2,13,11,8,3,5,6
archbishop_chancellor,1574,152,0-1,14,5,1,4,1,4
archbishop_chancellor,1575,162,1/2-1/2,18,12,8,4,6,6
archbishop_chancellor,1576,217,1-0,7,5,2,3,4,1
archbishop_chancellor,1577,78,1/2-1/2,40,17,10,7,9,8
archbishop_chancellor,1578,141,1-0,15,6,2,4,5,1
archbishop_chancellor,1579,232,0-1,11,5,2,3,2,3
archbishop_chancellor,1580,163,1/2-1/2,0,2,0,2,1,1
archbishop_chancellor,1581,133,1-0,28,12,6,6,7,5
archbishop_chancellor,1582,153,1-0,18,6,2,4,5,1
archbishop_chancellor,1583,177,1-0,8,4,0,4,3,1
archbishop_chancellor,1584,159,1-0,19,5,1,4,3,2
archbishop_chancellor,1585,145,1-0,17,9,5,4,6,3
archbishop_chancellor,1586,154,0-1,15,5,1,4,1,4
archbishop_chancellor,1587,114,0-1,27,11,5,6,4,7
archbishop_chancellor,1588,110,0-1,31,13,8,5,3,10
archbishop_chancellor,1589,304,1/2-1/2,18,6,0,6,3,3
archbishop_chancellor,1590,275,1/2-1/2,11,5,1,4,2,3
archbishop_chancellor,1591,210,0-1,22,9,5,4,3,6
archbishop_chancellor,1592,204,0-1,12,4,0,4,1,3
archbishop_chancellor,1593,177,1-0,14,6,2,4,5,1
archbishop_chancellor,1594,208,0-1,10,4,1,3,1,3
archbishop_chancellor,1595,304,1/2-1/2,13,7,3,4,3,4
archbishop_chancellor,1596,42,0-1,66,24,12,12,9,15
archbishop_chancellor,1597,136,0-1,18,8,3,5,3,5
archbishop_chancellor,1598,140,1/2-1/2,36,14,8,6,7,7
archbishop_chancellor,1599,169,1-0,7,5,2,3,4,1
archbishop_chancellor,1600,131,1-0,15,7,3,4,5,2
archbishop_chancellor,1601,181,1-0,19,5,1,4,3,2
archbishop_chancellor,1602,106,1/2-1/2,35,13,7,6,7,6
archbishop_chancellor,1603,83,1-0,44,15,7,8,10,5
archbishop_chancellor,1604,192,0-1,14,6,2,4,2,4
archbishop_chancellor,1605,218,0-1,18,11,7,4,3,8
archbishop_chancellor,1606,105,1-0,17,9,5,4,7,2
archbishop_chancellor,1607,220,0-1,16,6,2,4,1,5
archbishop_chancellor,1608,150,0-1,20,8,4,4,2,6
archbishop_chancellor,1609,53,1-0,71,23,11,12,12,11
archbishop_chancellor,1610,103,1/2-1/2,35,13,7,6,7,6
archbishop_chancellor,1611,155,1/2-1/2,27,11,5,6,5,6
archbishop_chancellor,1612,116,0-1,16,9,5,4,1,8
archbishop_chancellor,1613,169,1-0,18,6,1,5,5,1
archbishop_chancellor,1614,142,0-1,18,6,1,5,1,5
archbishop_chancellor,1615,113,1-0,25,11,7,4,6,5
archbishop_chancellor,1616,176,0-1,26,6,0,6,2,4
archbishop_chancellor,1617,377,1-0,11,5,2,3,4,1
archbishop_chancellor,1618,200,0-1,13,4,0,4,1,3
archbishop_chancellor,1619,151,1-0,19,6,2,4,5,1
archbishop_chancellor,1620,151,1-0,24,8,3,5,6,2
archbishop_chancellor,1621,74,0-1,25,13,8,5,5,8
archbishop_chancellor,1622,160,0-1,5,3,0,3,1,2
archbishop_chancellor,1623,124,0-1,16,11,8,3,5,6
archbishop_chancellor,1624,178,0-1,13,8,5,3,3,5
archbishop_chancellor,1625,123,1-0,16,6,2,4,4,2
archbishop_chancellor,1626,81,1/2-1/2,36,16,10,6,8,8
archbishop_chancellor,1627,142,0-1,44,13,6,7,8,5
archbishop_chancellor,1628,145,1-0,15,5,0,5,4,1
archbishop_chancellor,1629,170,0-1,9,3,0,3,1,2
archbishop_chancellor,1630,254,1/2-1/2,6,4,1,3,2,2
archbishop_chancellor,1631,212,0-1,9,3,0,3,1,2
archbishop_chancellor,1632,107,1-0,35,12,5,7,7,5
archbishop_chancellor,1633,158,0-1,12,7,4,3,3,4
archbishop_chancellor,1634,121,1-0,21,6,1,5,5,1
archbishop_chancellor,1635,150,0-1,24,8,3,5,2,6
archbishop_chancellor,1636,192,0-1,12,4,0,4,1,3
archbishop_chancellor,1637,206,0-1,18,5,1,4,1,4
archbishop_chancellor,1638,244,1/2-1/2,3,3,0,3,1,2
archbishop_chancellor,1639,302,1/2-1/2,13,5,0,5,2,3
archbishop_chancellor,1640,101,1-0,27,13,8,5,9,4
archbishop_chancellor,1641,200,0-1,5,3,0,3,1,2
archbishop_chancellor,1642,184,1/2-1/2,10,4,0,4,2,2
archbishop_chancellor,1643,80,0-1,32,15,8,7,7,8
archbishop_chancellor,1644,171,1-0,19,5,1,4,4,1
archbishop_chancellor,1645,192,0-1,15,5,1,4,1,4
archbishop_chancellor,1646,125,1-0,16,7,2,5,6,1
archbishop_chancellor,1647,157,1-0,13,9,5,4,7,2
archbishop_chancellor,1648,190,0-1,20,6,1,5,1,5
archbishop_chancellor,1649,117,1-0,20,6,2,4,5,1
archbishop_chancellor,1650,202,0-1,9,3,0,3,1,2
archbishop_chancellor,1651,85,1/2-1/2,33,16,9,7,7,9
archbishop_chancellor,1652,65,1/2-1/2,54,20,9,11,10,10
archbishop_chancellor,1653,166,0-1,16,7,3,4,2,5
archbishop_chancellor,1654,121,1-0,24,11,7,4,6,5
archbishop_chancellor,1655,174,0-1,19,9,4,5,3,6
archbishop_chancellor,1656,208,0-1,18,4,0,4,1,3
archbishop_chancellor,1657,135,1-0,20,11,6,5,5,6
archbishop_chancellor,1658,120,0-1,24,13,8,5,5,8
archbishop_chancellor,1659,197,1-0,13,5,1,4,4,1
archbishop_chancellor,1660,234,1/2-1/2,16,10,5,5,6,4
archbishop_chancellor,1661,172,0-1,22,8,4,4,2,6
archbishop_chancellor,1662,170,0-1,13,4,0,4,1,3
archbishop_chancellor,1663,116,0-1,20,7,3,4,2,5
archbishop_chancellor,1664,148,0-1,22,9,5,4,3,6
archbishop_chancellor,1665,68,0-1,59,20,9,11,9,11
archbishop_chancellor,1666,154,0-1,14,7,3,4,3,4
archbishop_chancellor,1667,140,0-1,18,4,0,4,1,3
archbishop_chancellor,1668,178,0-1,5,3,0,3,1,2
archbishop_chancellor,1669,171,1/2-1/2,8,6,3,3,4,2
archbishop_chancellor,1670,142,0-1,11,6,3,3,2,4
archbishop_chancellor,1671,119,1/2-1/2,10,12,10,2,6,6
archbishop_chancellor,1672,107,1-0,44,16,9,7,10,6
archbishop_chancellor,1673,153,1-0,8,4,0,4,3,1
archbishop_chancellor,1674,193,1-0,18,4,0,4,3,1
archbishop_chancellor,1675,172,0-1,21,6,1,5,1,5
archbishop_chancellor,1676,226,0-1,9,3,0,3,1,2
archbishop_chancellor,1677,147,1-0,14,4,0,4,3,1
archbishop_chancellor,1678,127,1-0,26,12,7,5,8,4
archbishop_chancellor,1679,227,1-0,12,6,3,3,5,1
archbishop_chancellor,1680,393,1-0,15,7,3,4,5,2
archbishop_chancellor,1681,173,1-0,14,4,0,4,3,1
archbishop_chancellor,1682,137,1/2-1/2,31,14,8,6,7,7
archbishop_chancellor,1683,141,1-0,23,12,7,5,8,4
archbishop_chancellor,1684,227,1/2-1/2,0,2,0,2,1,1
archbishop_chancellor,1685,169,1/2-1/2,2,4,2,2,2,2
archbishop_chancellor,1686,145,1-0,20,9,4,5,8,1
archbishop_chancellor,1687,146,0-1,9,3,0,3,1,2
archbishop_chancellor,1688,80,1/2-1/2,57,18,8,10,8,10
archbishop_chancellor,1689,175,1-0,9,3,0,3,2,1
archbishop_chancellor,1690,228,0-1,17,5,0,5,1,4
archbishop_chancellor,1691,179,1-0,15,5,1,4,4,1
archbishop_chancellor,1692,138,0-1,24,8,3,5,3,5
archbishop_chancellor,1693,81,1/2-1/2,44,18,9,9,9,9
archbishop_chancellor,1694,144,0-1,13,5,1,4,1,4
archbishop_chancellor,1695,95,1/2-1/2,42,15,8,7,8,7
archbishop_chancellor,1696,131,1-0,19,9,5,4,7,2
archbishop_chancellor,1697,91,1/2-1/2,37,16,8,8,8,8
archbishop_chancellor,1698,125,1/2-1/2,15,7,2,5,3,4
archbishop_chancellor,1699,274,1/2-1/2,16,10,6,4,5,5
archbishop_chancellor,1700,127,1-0,13,6,2,4,5,1
archbishop_chancellor,1701,214,0-1,5,3,0,3,1,2
archbishop_chancellor,1702,117,1/2-1/2,0,2,0,2,1,1
archbishop_chancellor,1703,87,1-0,35,14,8,6,8,6
archbishop_chancellor,1704,51,1-0,70,24,12,12,13,11
archbishop_chancellor,1705,172,1/2-1/2,24,10,4,6,6,4
archbishop_chancellor,1706,75,1-0,51,18,10,8,10,8
archbishop_chancellor,1707,154,0-1,19,5,1,4,2,3
archbishop_chancellor,1708,89,1-0,29,11,5,6,8,3
archbishop_chancellor,1709,161,1-0,24,8,2,6,5,3
archbishop_chancellor,1710,129,1-0,23,7,2,5,5,2
archbishop_chancellor,1711,194,0-1,16,6,2,4,2,4
archbishop_chancellor,1712,136,1/2-1/2,0,2,0,2,1,1
archbishop_chancellor,1713,145,1/2-1/2,12,10,6,4,5,5
archbishop_chancellor,1714,104,0-1,19,9,5,4,3,6
archbishop_chancellor,1715,192,1/2-1/2,19,6,1,5,3,3
archbishop_chancellor,1716,183,1-0,14,4,0,4,3,1
archbishop_chancellor,1717,161,1-0,17,4,0,4,3,1
archbishop_chancellor,1718,168,0-1,9,3,0,3,1,2
archbishop_chancellor,1719,167,1-0,14,6,2,4,5,1
archbishop_chancellor,1720,63,1/2-1/2,40,14,7,7,6,8
archbishop_chancellor,1721,122,0-1,24,7,2,5,1,6
archbishop_chancellor,1722,180,0-1,20,7,3,4,2,5
archbishop_chancellor,1723,113,1-0,33,16,9,7,11,5
archbishop_chancellor,1724,246,1/2-1/2,19,7,1,6,3,4
archbishop_chancellor,1725,156,0-1,21,7,3,4,1,6
archbishop_chancellor,1726,137,1-0,11,6,3,3,4,2
archbishop_chancellor,1727,126,0-1,17,11,8,3,3,8
archbishop_chancellor,1728,179,1-0,6,4,1,3,3,1
archbishop_chancellor,1729,19,1/2-1/2,83,30,13,17,14,16
archbishop_chancellor,1730,163,1-0,18,6,2,4,5,1
archbishop_chancellor,1731,163,1-0,17,4,0,4,3,1
archbishop_chancellor,1732,109,1/2-1/2,14,8,4,4,4,4
archbishop_chancellor,1733,172,0-1,11,4,0,4,1,3
archbishop_chancellor,1734,134,0-1,16,6,2,4,1,5
archbishop_chancellor,1735,158,1/2-1/2,11,5,1,4,3,2
archbishop_chancellor,1736,164,0-1,22,8,4,4,1,7
archbishop_chancellor,1737,290,0-1,5,3,0,3,1,2
archbishop_chancellor,1738,258,0-1,9,5,1,4,1,4
archbishop_chancellor,1739,105,1-0,38,15,8,7,10,5
archbishop_chancellor,1740,185,1/2-1/2,0,2,0,2,1,1
archbishop_chancellor,1741,113,1-0,25,13,9,4,9,4
archbishop_chancellor,1742,143,1-0,16,6,2,4,3,3
archbishop_chancellor,1743,151,1/2-1/2,0,2,0,2,1,1
archbishop_chancellor,1744,46,1/2-1/2,79,25,10,15,13,12
archbishop_chancellor,1745,233,1-0,5,3,0,3,2,1
archbishop_chancellor,1746,173,1-0,8,4,0,4,3,1
archbishop_chancellor,1747,291,1/2-1/2,10,8,4,4,4,4
archbishop_chancellor,1748,115,1-0,16,7,3,4,6,1
archbishop_chancellor,1749,144,0-1,19,6,2,4,1,5
archbishop_chancellor,1750,141,1/2-1/2,21,7,3,4,4,3
archbishop_chancellor,1751,110,0-1,25,13,7,6,4,9
archbishop_chancellor,1752,215,1/2-1/2,13,5,0,5,2,3
archbishop_chancellor,1753,243,1/2-1/2,1,3,1,2,2,1
archbishop_chancellor,1754,180,0-1,14,4,0,4,1,3
archbishop_chancellor,1755,145,1-0,19,7,2,5,6,1
archbishop_chancellor,1756,145,1-0,21,7,2,5,6,1
archbishop_chancellor,1757,162,1/2-1/2,1,3,1,2,2,1
archbishop_chancellor,1758,199,1/2-1/2,3,3,0,3,2,1
archbishop_chancellor,1759,202,0-1,9,3,0,3,1,2
archbishop_chancellor,1760,167,1-0,9,4,1,3,3,1
archbishop_chancellor,1761,137,1-0,35,14,8,6,8,6
archbishop_chancellor,1762,106,0-1,16,6,2,4,1,5
archbishop_chancellor,1763,96,0-1,22,12,8,4,5,7
archbishop_chancellor,1764,136,1/2-1/2,16,10,6,4,5,5
archbishop_chancellor,1765,140,0-1,19,5,1,4,1,4
archbishop_chancellor,1766,197,1-0,18,9,5,4,7,2
archbishop_chancellor,1767,168,1/2-1/2,21,7,2,5,4,3
archbishop_chancellor,1768,153,1/2-1/2,29,12,6,6,7,5
archbishop_chancellor,1769,134,0-1,13,7,2,5,1,6
archbishop_chancellor,1770,107,1-0,38,15,8,7,10,5
archbishop_chancellor,1771,119,1-0,25,10,4,6,8,2
archbishop_chancellor,1772,160,0-1,29,7,2,5,2,5
archbishop_chancellor,1773,149,1-0,16,10,7,3,7,3
archbishop_chancellor,1774,177,1/2-1/2,0,2,0,2,1,1
archbishop_chancellor,1775,117,1-0,16,8,4,4,6,2
archbishop_chancellor,1776,171,1-0,14,4,0,4,3,1
archbishop_chancellor,1777,232,0-1,9,3,0,3,1,2
archbishop_chancellor,1778,132,0-1,20,6,2,4,1,5
archbishop_chancellor,1779,133,1-0,20,9,4,5,6,3
archbishop_chancellor,1780,179,1/2-1/2,19,5,1,4,2,3
archbishop_chancellor,1781,246,0-1,13,5,1,4,1,4
archbishop_chancellor,1782,117,1-0,48,15,6,9,11,4
archbishop_chancellor,1783,137,1-0,4,4,1,3,3,1
archbishop_chancellor,1784,163,1/2-1/2,56,19,8,11,10,9
archbishop_chancellor,1785,70,0-1,78,23,10,13,10,13
archbishop_chancellor,1786,190,1/2-1/2,16,10,6,4,5,5
archbishop_chancellor,1787,99,1/2-1/2,6,8,6,2,4,4
archbishop_chancellor,1788,191,1-0,12,6,3,3,5,1
archbishop_chancellor,1789,122,1/2-1/2,52,19,9,10,8,11
archbishop_chancellor,1790,162,0-1,9,3,0,3,1,2
archbishop_chancellor,1791,102,1/2-1/2,47,19,9,10,10,9
archbishop_chancellor,1792,210,0-1,13,4,0,4,1,3
archbishop_chancellor,1793,104,0-1,23,10,6,4,5,5
archbishop_chancellor,1794,91,1-0,21,12,8,4,7,5
archbishop_chancellor,1795,170,0-1,14,4,0,4,1,3
archbishop_chancellor,1796,176,0-1,18,4,0,4,1,3
archbishop_chancellor,1797,128,0-1,18,11,7,4,3,8
archbishop_chancellor,1798,131,1-0,19,9,4,5,6,3
archbishop_chancellor,1799,182,0-1,13,5,1,4,1,4
archbishop_chancellor,1800,141,1-0,17,7,3,4,4,3
archbishop_chancellor,1801,131,1-0,21,11,7,4,8,3
archbishop_chancellor,1802,125,1-0,16,7,3,4,5,2
archbishop_chancellor,1803,156,1/2-1/2,30,12,6,6,6,6
archbishop_chancellor,1804,324,1/2-1/2,0,2,0,2,1,1
archbishop_chancellor,1805,218,0-1,37,17,11,6,7,10
archbishop_chancellor,1806,215,1-0,15,5,1,4,4,1
archbishop_chancellor,1807,159,1/2-1/2,3,3,0,3,2,1
archbishop_chancellor,1808,205,1/2-1/2,20,10,4,6,5,5
archbishop_chancellor,1809,205,1-0,18,4,0,4,3,1
archbishop_chancellor,1810,159,1/2-1/2,25,11,5,6,6,5
archbishop_chancellor,1811,136,0-1,19,9,5,4,4,5
archbishop_chancellor,1812,131,1-0,12,8,4,4,7,1
archbishop_chancellor,1813,138,0-1,10,5,2,3,1,4
archbishop_chancellor,1814,186,1/2-1/2,25,11,6,5,7,4
archbishop_chancellor,1815,207,1-0,12,4,0,4,3,1
archbishop_chancellor,1816,179,1-0,19,7,2,5,6,1
archbishop_chancellor,1817,222,0-1,14,4,0,4,1,3
archbishop_chancellor,1818,100,0-1,11,5,2,3,1,4
archbishop_chancellor,1819,123,1-0,18,10,6,4,6,4
archbishop_chancellor,1820,111,1-0,18,11,7,4,6,5
archbishop_chancellor,1821,140,0-1,14,8,5,3,2,6
archbishop_chancellor,1822,153,1-0,13,7,4,3,4,3
archbishop_chancellor,1823,140,1/2-1/2,28,12,6,6,6,6
archbishop_chancellor,1824,160,0-1,20,6,2,4,2,4
archbishop_chancellor,1825,217,1-0,5,3,0,3,2,1
archbishop_chancellor,1826,209,1-0,10,4,0,4,3,1
archbishop_chancellor,1827,169,1-0,12,6,3,3,4,2
archbishop_chancellor,1828,109,1-0,21,9,4,5,7,2
archbishop_chancellor,1829,112,0-1,17,7,3,4,2,5
archbishop_chancellor,1830,196,0-1,22,8,3,5,4,4
archbishop_chancellor,1831,216,0-1,13,4,0,4,1,3
archbishop_chancellor,1832,154,0-1,17,7,3,4,2,5
archbishop_chancellor,1833,159,1-0,26,12,8,4,6,6
archbishop_chancellor,1834,184,1/2-1/2,0,2,0,2,1,1
archbishop_chancellor,1835,144,0-1,18,5,1,4,1,4
archbishop_chancellor,1836,79,1/2-1/2,51,17,9,8,9,8
archbishop_chancellor,1837,208,0-1,18,8,4,4,3,5
archbishop_chancellor,1838,169,1-0,15,7,3,4,4,3
archbishop_chancellor,1839,165,1/2-1/2,20,8,4,4,4,4
archbishop_chancellor,1840,320,0-1,15,5,1,4,1,4
archbishop_chancellor,1841,88,1/2-1/2,56,20,10,10,11,9
archbishop_chancellor,1842,73,1-0,41,14,7,7,9,5
archbishop_chancellor,1843,125,1-0,18,10,5,5,6,4
archbishop_chancellor,1844,230,0-1,14,8,5,3,3,5
archbishop_chancellor,1845,185,1-0,9,5,1,4,4,1
archbishop_chancellor,1846,399,1/2-1/2,3,3,0,3,2,1
archbishop_chancellor,1847,164,0-1,14,6,2,4,1,5
archbishop_chancellor,1848,251,1-0,16,6,2,4,5,1
archbishop_chancellor,1849,113,1-0,24,11,7,4,7,4
archbishop_chancellor,1850,144,1/2-1/2,26,10,4,6,6,4
archbishop_chancellor,1851,163,1-0,13,5,1,4,4,1
archbishop_chancellor,1852,137,1-0,23,9,5,4,6,3
archbishop_chancellor,1853,117,1-0,23,12,7,5,8,4
archbishop_chancellor,1854,267,1/2-1/2,21,7,3,4,4,3
archbishop_chancellor,1855,136,0-1,19,5,1,4,2,3
archbishop_chancellor,1856,149,1-0,23,10,6,4,7,3
archbishop_chancellor,1857,117,1-0,14,7,3,4,5,2
archbishop_chancellor,1858,115,1-0,20,8,4,4,7,1
archbishop_chancellor,1859,164,0-1,21,8,4,4,2,6
archbishop_chancellor,1860,96,1/2-1/2,31,10,3,7,6,4
archbishop_chancellor,1861,76,0-1,33,16,11,5,5,11
archbishop_chancellor,1862,309,1/2-1/2,11,5,1,4,3,2
archbishop_chancellor,1863,159,1-0,16,6,2,4,5,1
archbishop_chancellor,1864,158,0-1,16,7,3,4,2,5
archbishop_chancellor,1865,113,1-0,32,10,4,6,7,3
archbishop_chancellor,1866,194,0-1,17,7,3,4,1,6
archbishop_chancellor,1867,183,1-0,12,7,4,3,4,3
archbishop_chancellor,1868,250,1/2-1/2,32,16,10,6,8,8
archbishop_chancellor,1869,82,1/2-1/2,80,28,14,14,14,14
archbishop_chancellor,1870,111,1-0,33,13,7,6,9,4
archbishop_chancellor,1871,143,1/2-1/2,18,10,5,5,4,6
archbishop_chancellor,1872,115,1-0,18,8,4,4,7,1
archbishop_chancellor,1873,112,1/2-1/2,41,16,7,9,7,9
archbishop_chancellor,1874,150,0-1,20,6,2,4,1,5
archbishop_chancellor,1875,163,1-0,17,8,4,4,6,2
archbishop_chancellor,1876,103,1-0,17,8,4,4,6,2
archbishop_chancellor,1877,117,1-0,21,12,8,4,8,4
archbishop_chancellor,1878,118,1/2-1/2,32,13,7,6,5,8
archbishop_chancellor,1879,155,1-0,22,12,7,5,9,3
archbishop_chancellor,1880,133,1-0,22,8,4,4,6,2
archbishop_chancellor,1881,125,1-0,24,10,5,5,5,5
archbishop_chancellor,1882,67,1-0,51,20,10,10,12,8
archbishop_chancellor,1883,136,0-1,18,6,1,5,1,5
archbishop_chancellor,1884,143,1-0,14,4,0,4,3,1
archbishop_chancellor,1885,232,0-1,8,4,0,4,1,3
archbishop_chancellor,1886,179,1-0,22,6,1,5,5,1
archbishop_chancellor,1887,134,0-1,16,9,5,4,3,6
archbishop_chancellor,1888,127,1-0,5,3,0,3,2,1
archbishop_chancellor,1889,131,1/2-1/2,12,6,2,4,3,3
archbishop_chancellor,1890,183,1/2-1/2,3,3,0,3,2,1
archbishop_chancellor,1891,210,0-1,20,6,1,5,2,4
archbishop_chancellor,1892,168,0-1,13,7,4,3,2,5
archbishop_chancellor,1893,175,1-0,17,4,0,4,3,1
archbishop_chancellor,1894,173,1-0,5,3,0,3,2,1
archbishop_chancellor,1895,136,0-1,19,6,2,4,1,5
archbishop_chancellor,1896,128,0-1,11,5,2,3,2,3
archbishop_chancellor,1897,113,1/2-1/2,8,10,8,2,5,5
archbishop_chancellor,1898,399,1/2-1/2,70,26,16,10,13,13
archbishop_chancellor,1899,48,1/2-1/2,81,29,15,14,15,14
archbishop_chancellor,1900,181,1-0,24,6,1,5,4,2
archbishop_chancellor,1901,132,0-1,21,10,5,5,3,7
archbishop_chancellor,1902,159,1-0,10,6,2,4,4,2
archbishop_chancellor,1903,207,1/2-1/2,49,17,9,8,8,9
archbishop_chancellor,1904,164,0-1,9,3,0,3,1,2
archbishop_chancellor,1905,157,1-0,11,7,3,4,5,2
archbishop_chancellor,1906,162,1/2-1/2,48,15,6,9,6,9
archbishop_chancellor,1907,128,0-1,12,6,3,3,2,4
archbishop_chancellor,1908,107,1-0,20,10,6,4,7,3
archbishop_chancellor,1909,182,0-1,15,5,1,4,1,4
archbishop_chancellor,1910,149,1-0,21,9,4,5,8,1
archbishop_chancellor,1911,127,1/2-1/2,13,9,5,4,3,6
archbishop_chancellor,1912,172,0-1,14,6,2,4,2,4
archbishop_chancellor,1913,52,1/2-1/2,59,23,11,12,12,11
archbishop_chancellor,1914,126,0-1,21,12,8,4,4,8
archbishop_chancellor,1915,133,1-0,24,9,4,5,6,3
archbishop_chancellor,1916,261,1-0,5,3,0,3,2,1
archbishop_chancellor,1917,121,1-0,10,8,5,3,5,3
archbishop_chancellor,1918,141,1-0,22,14,10,4,9,5
archbishop_chancellor,1919,131,1-0,17,7,3,4,6,1
archbishop_chancellor,1920,161,1-0,15,5,1,4,4,1
archbishop_chancellor,1921,247,1-0,5,3,0,3,2,1
archbishop_chancellor,1922,124,0-1,24,12,7,5,4,8
archbishop_chancellor,1923,101,1/2-1/2,13,11,7,4,6,5
archbishop_chancellor,1924,138,0-1,26,10,5,5,4,6
archbishop_chancellor,1925,127,1-0,26,8,3,5,6,2
archbishop_chancellor,1926,186,0-1,20,6,1,5,2,4
archbishop_chancellor,1927,202,0-1,13,4,0,4,1,3
archbishop_chancellor,1928,162,0-1,15,5,1,4,1,4
archbishop_chancellor,1929,246,0-1,5,3,0,3,1,2
archbishop_chancellor,1930,143,1-0,15,5,1,4,4,1
archbishop_chancellor,1931,157,1/2-1/2,23,9,5,4,5,4
archbishop_chancellor,1932,173,1/2-1/2,24,10,6,4,5,5
archbishop_chancellor,1933,203,1-0,13,5,1,4,4,1
archbishop_chancellor,1934,153,1-0,12,6,2,4,4,2
archbishop_chancellor,1935,178,1/2-1/2,0,2,0,2,1,1
archbishop_chancellor,1936,169,1-0,18,5,1,4,4,1
archbishop_chancellor,1937,129,1-0,26,10,5,5,6,4
archbishop_chancellor,1938,195,1-0,29,10,4,6,6,4
archbishop_chancellor,1939,207,1-0,12,6,2,4,5,1
archbishop_chancellor,1940,228,1/2-1/2,17,7,1,6,4,3
archbishop_chancellor,1941,181,1-0,19,5,0,5,3,2
archbishop_chancellor,1942,171,1-0,9,3,0,3,2,1
archbishop_chancellor,1943,213,1-0,21,7,2,5,6,1
archbishop_chancellor,1944,123,1/2-1/2,44,17,10,7,9,8
archbishop_chancellor,1945,162,1/2-1/2,22,8,4,4,5,3
archbishop_chancellor,1946,143,1-0,13,7,4,3,6,1
archbishop_chancellor,1947,144,0-1,18,4,0,4,1,3
archbishop_chancellor,1948,113,1/2-1/2,36,14,8,6,8,6
archbishop_chancellor,1949,129,1-0,14,5,1,4,4,1
archbishop_chancellor,1950,65,1-0,23,11,7,4,8,3
archbishop_chancellor,1951,182,0-1,19,6,2,4,2,4
archbishop_chancellor,1952,233,1-0,19,6,2,4,3,3
archbishop_chancellor,1953,146,0-1,23,10,6,4,5,5
archbishop_chancellor,1954,240,0-1,14,4,0,4,1,3
archbishop_chancellor,1955,89,1/2-1/2,57,19,9,10,9,10
archbishop_chancellor,1956,163,1-0,19,6,2,4,5,1
archbishop_chancellor,1957,225,1-0,12,4,0,4,3,1
archbishop_chancellor,1958,302,1/2-1/2,8,6,2,4,3,3
archbishop_chancellor,1959,214,0-1,9,3,0,3,1,2
archbishop_chancellor,1960,146,0-1,20,9,4,5,3,6
archbishop_chancellor,1961,149,1/2-1/2,8,6,2,4,3,3
archbishop_chancellor,1962,179,1-0,21,9,4,5,6,3
archbishop_chancellor,1963,139,1-0,19,5,0,5,4,1
archbishop_chancellor,1964,162,0-1,19,5,1,4,1,4
archbishop_chancellor,1965,133,1-0,19,7,3,4,5,2
archbishop_chancellor,1966,187,1-0,12,6,2,4,5,1
archbishop_chancellor,1967,151,1-0,20,8,3,5,7,1
archbishop_chancellor,1968,153,1-0,16,8,4,4,7,1
archbishop_chancellor,1969,196,0-1,9,5,1,4,1,4
archbishop_chancellor,1970,231,1/2-1/2,14,8,4,4,4,4
archbishop_chancellor,1971,136,0-1,37,12,6,6,5,7
archbishop_chancellor,1972,72,1/2-1/2,37,17,10,7,8,9
archbishop_chancellor,1973,167,1-0,22,7,2,5,6,1
archbishop_chancellor,1974,182,0-1,18,4,0,4,1,3
archbishop_chancellor,1975,156,1/2-1/2,22,12,6,6,6,6
archbishop_chancellor,1976,165,1-0,17,4,0,4,3,1
archbishop_chancellor,1977,160,0-1,21,9,5,4,3,6
archbishop_chancellor,1978,185,1-0,15,5,1,4,4,1
archbishop_chancellor,1979,189,1-0,8,3,0,3,2,1
archbishop_chancellor,1980,149,1-0,19,7,2,5,4,3
archbishop_chancellor,1981,137,1/2-1/2,3,3,0,3,2,1
archbishop_chancellor,1982,203,1/2-1/2,21,7,3,4,4,3
archbishop_chancellor,1983,251,1-0,19,5,1,4,4,1
archbishop_chancellor,1984,118,0-1,23,8,3,5,2,6
archbishop_chancellor,1985,147,1-0,12,6,2,4,3,3
archbishop_chancellor,1986,186,0-1,15,5,1,4,1,4
archbishop_chancellor,1987,107,1-0,17,7,3,4,5,2
archbishop_chancellor,1988,184,0-1,13,5,1,4,1,4
archbishop_chancellor,1989,159,1-0,18,4,0,4,3,1
archbishop_chancellor,1990,161,1-0,15,6,2,4,5,1
archbishop_chancellor,1991,206,0-1,15,9,6,3,5,4
archbishop_chancellor,1992,168,0-1,9,3,0,3,1,2
archbishop_chancellor,1993,127,1-0,11,5,2,3,3,2
archbishop_chancellor,1994,155,1-0,17,7,3,4,5,2
archbishop_chancellor,1995,111,1/2-1/2,26,13,7,6,8,5
archbishop_chancellor,1996,224,0-1,22,6,1,5,1,5
archbishop_chancellor,1997,136,0-1,20,8,3,5,2,6
archbishop_chancellor,1998,133,1/2-1/2,36,13,7,6,6,7
archbishop_chancellor,1999,128,0-1,25,9,3,6,3,6
archbishop_chancellor,2000,171,1-0,19,11,7,4,6,5
archbishop_chancellor,2001,187,1-0,15,5,1,4,4,1
archbishop_chancellor,2002,57,1-0,85,26,11,15,14,12
archbishop_chancellor,2003,161,1-0,16,6,2,4,4,2
archbishop_chancellor,2004,223,1-0,9,3,0,3,2,1
archbishop_chancellor,2005,354,1/2-1/2,0,2,0,2,1,1
archbishop_chancellor,2006,141,1-0,19,5,1,4,3,2
archbishop_chancellor,2007,46,1/2-1/2,68,23,10,13,11,12
archbishop_chancellor,2008,187,1-0,14,6,2,4,5,1
archbishop_chancellor,2009,211,1-0,14,7,3,4,5,2
archbishop_chancellor,2010,131,1/2-1/2,20,10,4,6,5,5
archbishop_chancellor,2011,210,0-1,9,3,0,3,1,2
archbishop_chancellor,2012,211,1-0,18,4,0,4,3,1
archbishop_chancellor,2013,114,0-1,23,11,6,5,5,6
archbishop_chancellor,2014,233,1-0,5,3,0,3,2,1
archbishop_chancellor,2015,128,0-1,22,9,5,4,3,6
archbishop_chancellor,2016,140,0-1,25,8,3,5,2,6
archbishop_chancellor,2017,110,1/2-1/2,22,12,6,6,6,6
archbishop_chancellor,2018,132,0-1,19,6,2,4,1,5
archbishop_chancellor,2019,208,0-1,5,3,0,3,1,2
archbishop_chancellor,2020,224,0-1,11,4,0,4,1,3
archbishop_chancellor,2021,136,0-1,29,12,5,7,4,8
archbishop_chancellor,2022,139,1-0,24,7,1,6,4,3
archbishop_chancellor,2023,134,0-1,22,10,5,5,3,7
archbishop_chancellor,2024,241,1/2-1/2,11,5,1,4,3,2
archbishop_chancellor,2025,93,1-0,37,15,8,7,11,4
archbishop_chancellor,2026,207,1-0,9,3,0,3,2,1
archbishop_chancellor,2027,145,1/2-1/2,47,14,6,8,7,7
archbishop_chancellor,2028,120,0-1,29,14,7,7,5,9
archbishop_chancellor,2029,156,1/2-1/2,0,2,0,2,1,1
archbishop_chancellor,2030,72,1/2-1/2,44,18,9,9,10,8
archbishop_chancellor,2031,179,1-0,14,5,1,4,4,1
archbishop_chancellor,2032,176,1/2-1/2,0,2,0,2,1,1
archbishop_chancellor,2033,131,1-0,20,7,3,4,5,2
archbishop_chancellor,2034,172,0-1,20,7,3,4,1,6
archbishop_chancellor,2035,321,1-0,5,3,0,3,2,1
archbishop_chancellor,2036,152,0-1,22,9,5,4,2,7
archbishop_chancellor,2037,178,0-1,8,3,0,3,1,2
archbishop_chancellor,2038,180,0-1,10,4,1,3,1,3
archbishop_chancellor,2039,149,1/2-1/2,20,6,1,5,3,3
archbishop_chancellor,2040,280,0-1,9,3,0,3,1,2
archbishop_chancellor,2041,194,0-1,20,6,1,5,2,4
archbishop_chancellor,2042,168,0-1,12,6,3,3,1,5
archbishop_chancellor,2043,224,1/2-1/2,0,2,0,2,1,1
archbishop_chancellor,2044,368,0-1,5,3,0,3,1,2
archbishop_chancellor,2045,141,1-0,17,4,0,4,3,1
archbishop_chancellor,2046,163,1-0,8,3,0,3,2,1
archbishop_chancellor,2047,167,1-0,13,8,5,3,6,2
archbishop_chancellor,2048,201,1/2-1/2,6,4,1,3,2,2
archbishop_chancellor,2049,234,0-1,11,5,2,3,2,3
archbishop_chancellor,2050,132,0-1,19,9,5,4,3,6
archbishop_chancellor,2051,203,1/2-1/2,23,10,6,4,5,5
archbishop_chancellor,2052,59,1/2-1/2,67,21,10,11,11,10
archbishop_chancellor,2053,241,1-0,10,4,1,3,3,1
archbishop_chancellor,2054,172,0-1,24,9,4,5,2,7
archbishop_chancellor,2055,61,1-0,41,17,9,8,12,5
archbishop_chancellor,2056,141,1/2-1/2,31,11,4,7,5,6
archbishop_chancellor,2057,113,1-0,23,11,5,6,7,4
archbishop_chancellor,2058,144,0-1,21,8,4,4,2,6
archbishop_chancellor,2059,130,0-1,19,7,3,4,2,5
archbishop_chancellor,2060,144,1/2-1/2,30,12,6,6,7,5
archbishop_chancellor,2061,184,0-1,13,5,1,4,1,4
archbishop_chancellor,2062,164,0-1,15,5,1,4,1,4
archbishop_chancellor,2063,118,0-1,20,7,3,4,2,5
archbishop_chancellor,2064,137,1-0,11,6,3,3,5,1
archbishop_chancellor,2065,118,0-1,19,11,5,6,3,8
archbishop_chancellor,2066,109,1/2-1/2,36,14,7,7,8,6
archbishop_chancellor,2067,163,1-0,23,10,6,4,5,5
archbishop_chancellor,2068,252,0-1,5,3,0,3,1,2
archbishop_chancellor,2069,120,0-1,11,5,1,4,1,4
archbishop_chancellor,2070,204,0-1,10,4,1,3,1,3
archbishop_chancellor,2071,235,1-0,8,3,0,3,2,1
archbishop_chancellor,2072,182,1/2-1/2,10,8,4,4,4,4
archbishop_chancellor,2073,172,0-1,19,5,1,4,1,4
archbishop_chancellor,2074,276,1/2-1/2,54,22,13,9,12,10
archbishop_chancellor,2075,133,1-0,16,7,3,4,5,2
archbishop_chancellor,2076,177,1/2-1/2,9,7,3,4,3,4
archbishop_chancellor,2077,194,0-1,19,9,4,5,2,7
archbishop_chancellor,2078,139,1-0,11,5,2,3,4,1
archbishop_chancellor,2079,165,1-0,18,5,1,4,4,1
archbishop_chancellor,2080,129,1-0,19,6,2,4,4,2
archbishop_chancellor,2081,183,1-0,19,5,1,4,4,1
archbishop_chancellor,2082,144,0-1,19,5,1,4,1,4
archbishop_chancellor,2083,121,1-0,22,8,4,4,6,2
archbishop_chancellor,2084,144,0-1,18,5,1,4,1,4
archbishop_chancellor,2085,123,1/2-1/2,30,16,10,6,8,8
archbishop_chancellor,2086,200,0-1,7,5,2,3,1,4
archbishop_chancellor,2087,114,0-1,23,10,4,6,3,7
archbishop_chancellor,2088,135,1-0,10,6,2,4,5,1
archbishop_chancellor,2089,163,1-0,12,6,3,3,4,2
archbishop_chancellor,2090,132,0-1,24,10,6,4,4,6
archbishop_chancellor,2091,143,1-0,23,13,9,4,8,5
archbishop_chancellor,2092,107,1/2-1/2,51,18,8,10,8,10
archbishop_chancellor,2093,393,1/2-1/2,11,9,5,4,4,5
archbishop_chancellor,2094,155,1-0,11,5,2,3,4,1
archbishop_chancellor,2095,171,1-0,20,6,2,4,5,1
archbishop_chancellor,2096,186,1/2-1/2,18,10,5,5,4,6
archbishop_chancellor,2097,197,1-0,19,5,1,4,4,1
archbishop_chancellor,2098,76,1/2-1/2,50,16,7,9,9,7
archbishop_chancellor,2099,140,0-1,5,3,0,3,1,2
archbishop_chancellor,2100,281,1-0,17,4,0,4,3,1
archbishop_chancellor,2101,174,0-1,35,6,0,6,2,4
archbishop_chancellor,2102,133,1-0,8,6,3,3,4,2
archbishop_chancellor,2103,279,1/2-1/2,16,6,2,4,4,2
archbishop_chancellor,2104,96,1/2-1/2,31,11,5,6,5,6
archbishop_chancellor,2105,167,1/2-1/2,6,4,1,3,2,2
archbishop_chancellor,2106,232,0-1,18,4,0,4,1,3
archbishop_chancellor,2107,87,1/2-1/2,29,13,6,7,6,7
archbishop_chancellor,2108,135,1-0,20,6,2,4,4,2
archbishop_chancellor,2109,97,1-0,27,12,6,6,8,4
archbishop_chancellor,2110,171,1/2-1/2,22,8,4,4,4,4
archbishop_chancellor,2111,122,0-1,27,10,5,5,2,8
archbishop_chancellor,2112,169,1-0,17,7,3,4,6,1
archbishop_chancellor,2113,168,0-1,26,13,9,4,5,8
archbishop_chancellor,2114,130,0-1,19,11,7,4,3,8
archbishop_chancellor,2115,174,0-1,15,5,1,4,1,4
archbishop_chancellor,2116,136,0-1,13,6,2,4,1,5
archbishop_chancellor,2117,95,1-0,55,22,13,9,12,10
archbishop_chancellor,2118,125,1/2-1/2,0,2,0,2,1,1
archbishop_chancellor,2119,140,1/2-1/2,3,3,0,3,1,2
archbishop_chancellor,2120,219,1-0,21,7,2,5,3,4
archbishop_chancellor,2121,150,0-1,20,7,3,4,2,5
archbishop_chancellor,2122,166,0-1,10,6,2,4,1,5
archbishop_chancellor,2123,100,0-1,18,11,7,4,3,8
archbishop_chancellor,2124,148,0-1,25,11,7,4,4,7
archbishop_chancellor,2125,300,1/2-1/2,3,3,0,3,2,1
archbishop_chancellor,2126,245,1-0,16,5,0,5,4,1
archbishop_chancellor,2127,219,1/2-1/2,0,2,0,2,1,1
archbishop_chancellor,2128,130,0-1,23,11,6,5,3,8
archbishop_chancellor,2129,130,0-1,17,10,6,4,4,6
archbishop_chancellor,2130,261,1/2-1/2,92,30,16,14,15,15
archbishop_chancellor,2131,144,1/2-1/2,21,9,5,4,5,4
archbishop_chancellor,2132,198,0-1,19,5,1,4,1,4
archbishop_chancellor,2133,129,1-0,19,5,1,4,4,1
archbishop_chancellor,2134,136,0-1,21,8,4,4,1,7
archbishop_chancellor,2135,118,1/2-1/2,25,15,9,6,8,7
archbishop_chancellor,2136,146,0-1,17,6,1,5,2,4
archbishop_chancellor,2137,189,1-0,20,6,1,5,5,1
archbishop_chancellor,2138,169,1-0,25,8,3,5,6,2
archbishop_chancellor,2139,128,0-1,19,5,1,4,1,4
archbishop_chancellor,2140,176,0-1,10,6,2,4,2,4
archbishop_chancellor,2141,114,0-1,27,10,4,6,3,7
archbishop_chancellor,2142,153,1-0,13,5,1,4,4,1
archbishop_chancellor,2143,310,1/2-1/2,11,5,1,4,2,3
archbishop_chancellor,2144,154,0-1,24,6,1,5,1,5
archbishop_chancellor,2145,171,1-0,20,7,3,4,6,1
archbishop_chancellor,2146,184,0-1,24,11,7,4,4,7
archbishop_chancellor,2147,37,1/2-1/2,108,34,14,20,17,17
archbishop_chancellor,2148,212,0-1,5,3,0,3,1,2
archbishop_chancellor,2149,155,1-0,18,8,4,4,6,2
archbishop_chancellor,2150,147,1-0,17,5,0,5,4,1
archbishop_chancellor,2151,150,0-1,6,4,1,3,1,3
archbishop_chancellor,2152,135,1-0,12,8,4,4,7,1
archbishop_chancellor,2153,140,0-1,18,4,0,4,1,3
archbishop_chancellor,2154,103,1-0,23,10,6,4,8,2
archbishop_chancellor,2155,176,0-1,13,5,1,4,1,4
archbishop_chancellor,2156,151,1/2-1/2,3,3,0,3,2,1
archbishop_chancellor,2157,161,1-0,22,8,3,5,7,1
archbishop_chancellor,2158,199,1/2-1/2,18,8,2,6,4,4
archbishop_chancellor,2159,194,0-1,8,3,0,3,1,2
archbishop_chancellor,2160,133,1/2-1/2,12,6,2,4,3,3
archbishop_chancellor,2161,218,0-1,9,3,0,3,1,2
archbishop_chancellor,2162,127,1-0,24,11,7,4,7,4
archbishop_chancellor,2163,452,0-1,23,9,5,4,4,5
archbishop_chancellor,2164,104,1/2-1/2,35,13,6,7,6,7
archbishop_chancellor,2165,186,0-1,14,4,0,4,1,3
archbishop_chancellor,2166,183,1-0,18,5,1,4,4,1
archbishop_chancellor,2167,88,1/2-1/2,41,15,8,7,9,6
archbishop_chancellor,2168,99,1/2-1/2,18,9,4,5,5,4
archbishop_chancellor,2169,152,0-1,23,12,7,5,3,9
archbishop_chancellor,2170,177,1-0,14,6,2,4,4,2
archbishop_chancellor,2171,164,0-1,22,10,6,4,4,6
archbishop_chancellor,2172,121,1-0,21,9,4,5,7,2
archbishop_chancellor,2173,161,1-0,10,5,2,3,4,1
archbishop_chancellor,2174,164,0-1,23,8,3,5,2,6
archbishop_chancellor,2175,171,1-0,16,6,2,4,5,1
archbishop_chancellor,2176,125,1-0,24,10,5,5,7,3
archbishop_chancellor,2177,287,1-0,19,5,1,4,4,1
archbishop_chancellor,2178,163,1/2-1/2,18,6,2,4,3,3
archbishop_chancellor,2179,159,1/2-1/2,3,3,0,3,2,1
archbishop_chancellor,2180,154,0-1,15,7,3,4,1,6
archbishop_chancellor,2181,234,0-1,9,5,1,4,1,4
archbishop_chancellor,2182,137,1-0,20,6,2,4,4,2
archbishop_chancellor,2183,120,0-1,16,9,5,4,2,7
archbishop_chancellor,2184,114,1/2-1/2,63,20,8,12,9,11
archbishop_chancellor,2185,123,1-0,19,7,2,5,5,2
archbishop_chancellor,2186,189,1/2-1/2,20,8,4,4,3,5
archbishop_chancellor,2187,201,1-0,5,3,0,3,2,1
archbishop_chancellor,2188,210,0-1,20,5,0,5,1,4
archbishop_chancellor,2189,179,1-0,9,3,0,3,2,1
archbishop_chancellor,2190,155,1-0,20,6,2,4,5,1
archbishop_chancellor,2191,285,1/2-1/2,7,5,2,3,2,3
archbishop_chancellor,2192,130,0-1,10,8,5,3,3,5
archbishop_chancellor,2193,174,1/2-1/2,0,2,0,2,1,1
archbishop_chancellor,2194,141,1/2-1/2,34,12,6,6,7,5
archbishop_chancellor,2195,103,1/2-1/2,54,20,10,10,10,10
archbishop_chancellor,2196,135,1-0,8,4,0,4,3,1
archbishop_chancellor,2197,168,0-1,21,6,1,5,1,5
archbishop_chancellor,2198,225,1-0,9,3,0,3,2,1
archbishop_chancellor,2199,97,1/2-1/2,43,15,9,6,8,7
archbishop_chancellor,2200,249,1-0,12,4,0,4,3,1
archbishop_chancellor,2201,196,0-1,14,6,1,5,2,4
archbishop_chancellor,2202,114,0-1,13,7,4,3,2,5
archbishop_chancellor,2203,193,1-0,23,7,2,5,6,1
archbishop_chancellor,2204,139,1-0,29,11,4,7,7,4
archbishop_chancellor,2205,115,1/2-1/2,23,11,6,5,5,6
archbishop_chancellor,2206,184,0-1,14,5,1,4,1,4
archbishop_chancellor,2207,268,0-1,13,5,1,4,1,4
archbishop_chancellor,2208,150,0-1,12,6,2,4,1,5
archbishop_chancellor,2209,133,1-0,22,6,1,5,5,1
archbishop_chancellor,2210,123,1/2-1/2,18,12,8,4,6,6
archbishop_chancellor,2211,136,1/2-1/2,18,6,2,4,3,3
archbishop_chancellor,2212,208,0-1,9,3,0,3,1,2
archbishop_chancellor,2213,141,1-0,13,7,4,3,5,2
archbishop_chancellor,2214,210,0-1,14,4,0,4,1,3
archbishop_chancellor,2215,167,1-0,7,5,2,3,4,1
archbishop_chancellor,2216,150,0-1,22,6,1,5,1,5
archbishop_chancellor,2217,268,0-1,10,4,0,4,1,3
archbishop_chancellor,2218,154,0-1,20,6,2,4,2,4
archbishop_chancellor,2219,126,1/2-1/2,4,4,1,3,2,2
archbishop_chancellor,2220,149,1-0,19,6,2,4,4,2
archbishop_chancellor,2221,121,1-0,21,8,3,5,5,3
archbishop_chancellor,2222,302,1/2-1/2,47,20,14,6,10,10
archbishop_chancellor,2223,247,1-0,20,6,2,4,5,1
archbishop_chancellor,2224,156,0-1,33,16,10,6,8,8
archbishop_chancellor,2225,176,1/2-1/2,33,15,9,6,8,7
archbishop_chancellor,2226,162,0-1,15,7,3,4,2,5
archbishop_chancellor,2227,131,1-0,14,9,6,3,6,3
archbishop_chancellor,2228,114,0-1,13,7,4,3,1,6
archbishop_chancellor,2229,133,1/2-1/2,22,8,2,6,4,4
archbishop_chancellor,2230,85,1-0,35,14,7,7,9,5
archbishop_chancellor,2231,266,1/2-1/2,19,5,1,4,3,2
archbishop_chancellor,2232,153,1-0,10,4,1,3,3,1
archbishop_chancellor,2233,159,1-0,19,6,2,4,4,2
archbishop_chancellor,2234,131,1-0,21,7,3,4,6,1
archbishop_chancellor,2235,81,1-0,23,13,9,4,9,4
archbishop_chancellor,2236,176,0-1,9,3,0,3,1,2
archbishop_chancellor,2237,111,1/2-1/2,13,11,7,4,5,6
archbishop_chancellor,2238,177,1-0,11,5,2,3,4,1
archbishop_chancellor,2239,274,0-1,9,3,0,3,1,2
archbishop_chancellor,2240,116,0-1,25,14,9,5,5,9
archbishop_chancellor,2241,143,1/2-1/2,10,8,4,4,4,4
archbishop_chancellor,2242,162,0-1,17,9,5,4,3,6
archbishop_chancellor,2243,205,1-0,26,8,2,6,5,3
archbishop_chancellor,2244,197,1-0,13,7,4,3,5,2
archbishop_chancellor,2245,221,1-0,18,4,0,4,3,1
archbishop_chancellor,2246,121,1-0,11,9,6,3,8,1
archbishop_chancellor,2247,185,1-0,6,4,1,3,3,1
archbishop_chancellor,2248,494,1/2-1/2,10,4,1,3,1,3
archbishop_chancellor,2249,241,1/2-1/2,10,4,0,4,2,2
archbishop_chancellor,2250,175,1-0,13,4,0,4,3,1
archbishop_chancellor,2251,122,0-1,15,8,4,4,2,6
archbishop_chancellor,2252,154,1/2-1/2,31,13,7,6,7,6
archbishop_chancellor,2253,138,0-1,16,9,5,4,3,6
archbishop_chancellor,2254,168,0-1,10,6,2,4,1,5
archbishop_chancellor,2255,148,1/2-1/2,14,6,1,5,3,3
archbishop_chancellor,2256,203,1/2-1/2,3,3,0,3,2,1
archbishop_chancellor,2257,208,1/2-1/2,25,10,5,5,5,5
archbishop_chancellor,2258,204,0-1,9,3,0,3,1,2
archbishop_chancellor,2259,132,1/2-1/2,21,11,5,6,5,6
archbishop_chancellor,2260,85,1-0,28,13,7,6,7,6
archbishop_chancellor,2261,47,1/2-1/2,87,25,11,14,13,12
archbishop_chancellor,2262,81,1-0,34,15,8,7,7,8
archbishop_chancellor,2263,123,1-0,20,11,7,4,7,4
archbishop_chancellor,2264,168,0-1,18,6,1,5,1,5
archbishop_chancellor,2265,141,1-0,13,8,5,3,6,2
archbishop_chancellor,2266,160,0-1,12,6,2,4,2,4
archbishop_chancellor,2267,73,1/2-1/2,44,16,7,9,9,7
archbishop_chancellor,2268,127,1-0,15,9,6,3,6,3
archbishop_chancellor,2269,119,1-0,18,8,4,4,6,2
archbishop_chancellor,2270,150,1/2-1/2,34,14,8,6,7,7
archbishop_chancellor,2271,226,1/2-1/2,16,10,6,4,5,5
archbishop_chancellor,2272,128,0-1,13,4,0,4,1,3
archbishop_chancellor,2273,165,1-0,12,4,0,4,3,1
archbishop_chancellor,2274,120,1/2-1/2,29,15,9,6,7,8
archbishop_chancellor,2275,156,0-1,26,9,4,5,4,5
archbishop_chancellor,2276,133,1/2-1/2,20,14,10,4,7,7
archbishop_chancellor,2277,199,1-0,15,5,1,4,4,1
archbishop_chancellor,2278,123,1-0,18,8,4,4,6,2
archbishop_chancellor,2279,181,1-0,35,11,5,6,8,3
archbishop_chancellor,2280,147,1-0,18,5,1,4,4,1
archbishop_chancellor,2281,135,1-0,19,6,2,4,3,3
archbishop_chancellor,2282,215,1/2-1/2,3,3,0,3,2,1
archbishop_chancellor,2283,99,1-0,35,16,10,6,10,6
archbishop_chancellor,2284,146,0-1,5,3,0,3,1,2
archbishop_chancellor,2285,169,1-0,14,4,0,4,3,1
archbishop_chancellor,2286,124,1/2-1/2,31,13,7,6,9,4
archbishop_chancellor,2287,138,1/2-1/2,16,8,3,5,5,3
archbishop_chancellor,2288,145,1-0,20,8,3,5,6,2
archbishop_chancellor,2289,224,0-1,8,3,0,3,1,2
archbishop_chancellor,2290,173,1-0,12,4,0,4,3,1
archbishop_chancellor,2291,187,1-0,8,4,0,4,3,1
archbishop_chancellor,2292,155,1-0,26,9,4,5,7,2
archbishop_chancellor,2293,179,1-0,7,5,2,3,4,1
archbishop_chancellor,2294,143,1-0,20,8,3,5,7,1
archbishop_chancellor,2295,129,1/2-1/2,20,14,9,5,7,7
archbishop_chancellor,2296,208,0-1,11,6,3,3,1,5
archbishop_chancellor,2297,113,1-0,14,6,2,4,5,1
archbishop_chancellor,2298,145,1-0,15,9,6,3,6,3
archbishop_chancellor,2299,137,1-0,9,3,0,3,2,1
archbishop_chancellor,2300,128,0-1,32,13,7,6,4,9
archbishop_chancellor,2301,155,1-0,26,14,9,5,8,6
archbishop_chancellor,2302,160,0-1,14,7,3,4,2,5
archbishop_chancellor,2303,146,1/2-1/2,16,10,6,4,5,5
archbishop_chancellor,2304,236,0-1,6,4,1,3,1,3
archbishop_chancellor,2305,171,1/2-1/2,10,4,0,4,2,2
archbishop_chancellor,2306,141,1-0,13,5,1,4,3,2
archbishop_chancellor,2307,175,1/2-1/2,0,2,0,2,1,1
archbishop_chancellor,2308,169,1-0,11,5,2,3,4,1
archbishop_chancellor,2309,230,0-1,21,7,3,4,2,5
archbishop_chancellor,2310,201,1-0,23,8,3,5,5,3
archbishop_chancellor,2311,180,0-1,9,3,0,3,1,2
archbishop_chancellor,2312,161,1-0,20,7,2,5,6,1
archbishop_chancellor,2313,216,1/2-1/2,3,3,0,3,1,2
archbishop_chancellor,2314,137,1-0,16,9,5,4,4,5
archbishop_chancellor,2315,143,1-0,8,6,3,3,5,1
archbishop_chancellor,2316,182,0-1,5,3,0,3,1,2
archbishop_chancellor,2317,412,1/2-1/2,3,3,0,3,2,1
archbishop_chancellor,2318,145,1/2-1/2,16,12,8,4,7,5
archbishop_chancellor,2319,152,0-1,18,10,6,4,4,6
archbishop_chancellor,2320,190,0-1,12,4,0,4,1,3
archbishop_chancellor,2321,118,0-1,14,7,3,4,1,6
archbishop_chancellor,2322,70,0-1,47,17,9,8,7,10
archbishop_chancellor,2323,138,0-1,15,9,4,5,2,7
archbishop_chancellor,2324,243,1/2-1/2,9,5,1,4,2,3
archbishop_chancellor,2325,198,1/2-1/2,0,2,0,2,1,1
archbishop_chancellor,2326,106,1/2-1/2,34,15,9,6,7,8
archbishop_chancellor,2327,413,1-0,15,6,2,4,5,1
archbishop_chancellor,2328,178,0-1,20,8,3,5,2,6
archbishop_chancellor,2329,234,0-1,20,6,2,4,1,5
archbishop_chancellor,2330,180,1/2-1/2,21,7,3,4,3,4
archbishop_chancellor,2331,158,0-1,17,7,2,5,2,5
archbishop_chancellor,2332,145,1-0,19,10,5,5,7,3
archbishop_chancellor,2333,355,1/2-1/2,13,4,0,4,2,2
archbishop_chancellor,2334,256,0-1,11,4,0,4,1,3
archbishop_chancellor,2335,107,1/2-1/2,32,14,8,6,8,6
archbishop_chancellor,2336,115,1-0,10,6,2,4,5,1
archbishop_chancellor,2337,204,0-1,16,5,0,5,1,4
archbishop_chancellor,2338,142,0-1,34,11,4,7,4,7
archbishop_chancellor,2339,140,0-1,21,7,2,5,2,5
archbishop_chancellor,2340,144,1/2-1/2,18,6,2,4,3,3
archbishop_chancellor,2341,169,1-0,16,6,2,4,5,1
archbishop_chancellor,2342,246,1/2-1/2,34,14,8,6,7,7
archbishop_chancellor,2343,174,1/2-1/2,3,3,0,3,2,1
archbishop_chancellor,2344,100,0-1,28,12,6,6,3,9
archbishop_chancellor,2345,180,0-1,18,6,1,5,1,5
archbishop_chancellor,2346,207,1-0,18,4,0,4,3,1
archbishop_chancellor,2347,199,1-0,19,6,2,4,5,1
archbishop_chancellor,2348,118,0-1,17,7,3,4,2,5
archbishop_chancellor,2349,175,1/2-1/2,85,27,13,14,13,14
archbishop_chancellor,2350,120,0-1,13,6,2,4,2,4
archbishop_chancellor,2351,166,0-1,18,4,0,4,1,3
archbishop_chancellor,2352,171,1-0,15,7,2,5,5,2
archbishop_chancellor,2353,170,1/2-1/2,22,9,5,4,4,5
archbishop_chancellor,2354,184,0-1,12,4,0,4,1,3
archbishop_chancellor,2355,169,1-0,15,5,1,4,4,1
archbishop_chancellor,2356,147,1-0,11,5,1,4,4,1
archbishop_chancellor,2357,138,0-1,16,7,3,4,3,4
archbishop_chancellor,2358,252,0-1,14,6,2,4,2,4
archbishop_chancellor,2359,203,1/2-1/2,12,10,6,4,5,5
archbishop_chancellor,2360,99,1/2-1/2,31,13,7,6,8,5
archbishop_chancellor,2361,197,1-0,14,4,0,4,3,1
archbishop_chancellor,2362,188,0-1,17,8,4,4,3,5
archbishop_chancellor,2363,172,1/2-1/2,28,13,6,7,7,6
archbishop_chancellor,2364,156,0-1,18,7,2,5,1,6
archbishop_chancellor,2365,202,1/2-1/2,20,6,2,4,3,3
archbishop_chancellor,2366,144,0-1,21,7,3,4,2,5
archbishop_chancellor,2367,166,0-1,19,5,1,4,1,4
archbishop_chancellor,2368,162,0-1,13,6,2,4,1,5
archbishop_chancellor,2369,167,1-0,7,5,2,3,4,1
archbishop_chancellor,2370,147,1-0,19,5,1,4,4,1
archbishop_chancellor,2371,351,1-0,24,11,6,5,5,6
archbishop_chancellor,2372,243,1/2-1/2,3,3,0,3,2,1
archbishop_chancellor,2373,147,1/2-1/2,0,2,0,2,1,1
archbishop_chancellor,2374,157,1-0,16,7,3,4,6,1
archbishop_chancellor,2375,128,0-1,19,9,5,4,4,5
archbishop_chancellor,2376,108,0-1,18,9,5,4,3,6
archbishop_chancellor,2377,215,1-0,9,3,0,3,2,1
archbishop_chancellor,2378,159,1-0,21,7,3,4,4,3
archbishop_chancellor,2379,265,1/2-1/2,0,2,0,2,1,1
archbishop_chancellor,2380,224,0-1,9,3,0,3,1,2
archbishop_chancellor,2381,200,1/2-1/2,14,8,4,4,4,4
archbishop_chancellor,2382,178,0-1,20,7,3,4,3,4
archbishop_chancellor,2383,120,0-1,19,5,1,4,2,3
archbishop_chancellor,2384,188,0-1,10,6,2,4,2,4
archbishop_chancellor,2385,147,1/2-1/2,10,4,0,4,2,2
archbishop_chancellor,2386,158,0-1,12,6,3,3,1,5
archbishop_chancellor,2387,134,0-1,15,7,3,4,1,6
archbishop_chancellor,2388,116,0-1,14,7,3,4,2,5
archbishop_chancellor,2389,117,1-0,20,10,4,6,8,2
archbishop_chancellor,2390,175,1-0,10,4,1,3,3,1
archbishop_chancellor,2391,125,1-0,30,10,4,6,8,2
archbishop_chancellor,2392,144,0-1,12,6,3,3,1,5
archbishop_chancellor,2393,133,1-0,11,7,3,4,6,1
archbishop_chancellor,2394,123,1/2-1/2,26,11,6,5,6,5
archbishop_chancellor,2395,167,1-0,22,7,2,5,5,2
archbishop_chancellor,2396,110,0-1,31,14,8,6,5,9
archbishop_chancellor,2397,129,1-0,19,7,2,5,5,2
archbishop_chancellor,2398,140,1/2-1/2,16,10,6,4,5,5
archbishop_chancellor,2399,193,1/2-1/2,50,22,14,8,11,11
archbishop_chancellor,2400,187,1-0,6,4,1,3,3,1
archbishop_chancellor,2401,162,0-1,19,6,2,4,1,5
archbishop_chancellor,2402,132,1/2-1/2,0,2,0,2,1,1
archbishop_chancellor,2403,157,1-0,15,5,1,4,4,1
archbishop_chancellor,2404,96,1/2-1/2,39,15,9,6,8,7
archbishop_chancellor,2405,159,1-0,18,8,4,4,6,2
archbishop_chancellor,2406,97,1-0,20,7,3,4,6,1
archbishop_chancellor,2407,108,0-1,23,10,6,4,3,7
archbishop_chancellor,2408,135,1-0,15,5,1,4,4,1
archbishop_chancellor,2409,170,0-1,12,8,4,4,2,6
archbishop_chancellor,2410,147,1-0,10,8,5,3,6,2
archbishop_chancellor,2411,183,1-0,23,5,0,5,4,1
archbishop_chancellor,2412,396,1/2-1/2,3,3,0,3,2,1
archbishop_chancellor,2413,177,1-0,5,3,0,3,2,1
archbishop_chancellor,2414,221,1/2-1/2,21,9,4,5,5,4
archbishop_chancellor,2415,218,1/2-1/2,0,2,0,2,1,1
archbishop_chancellor,2416,184,0-1,19,6,2,4,2,4
archbishop_chancellor,2417,260,1/2-1/2,0,2,0,2,1,1
archbishop_chancellor,2418,236,0-1,21,7,3,4,3,4
archbishop_chancellor,2419,313,1/2-1/2,32,16,10,6,8,8
archbishop_chancellor,2420,640,1/2-1/2,6,4,0,4,2,2
archbishop_chancellor,2421,240,0-1,7,5,2,3,1,4
archbishop_chancellor,2422,101,1-0,19,9,5,4,5,4
archbishop_chancellor,2423,123,1/2-1/2,24,10,5,5,6,4
archbishop_chancellor,2424,171,1-0,18,5,1,4,4,1
archbishop_chancellor,2425,167,1/2-1/2,21,10,5,5,6,4
archbishop_chancellor,2426,157,1-0,16,6,1,5,5,1
archbishop_chancellor,2427,210,1/2-1/2,8,6,2,4,3,3
archbishop_chancellor,2428,125,1-0,31,13,7,6,8,5
archbishop_chancellor,2429,147,1/2-1/2,0,2,0,2,1,1
archbishop_chancellor,2430,82,1/2-1/2,64,19,7,12,10,9
archbishop_chancellor,2431,139,1-0,23,8,3,5,6,2
archbishop_chancellor,2432,112,0-1,26,16,10,6,7,9
archbishop_chancellor,2433,268,0-1,9,3,0,3,1,2
archbishop_chancellor,2434,168,0-1,19,8,3,5,2,6
archbishop_chancellor,2435,158,0-1,10,5,2,3,2,3
archbishop_chancellor,2436,129,1-0,16,8,4,4,6,2
archbishop_chancellor,2437,130,0-1,25,6,0,6,1,5
archbishop_chancellor,2438,190,1/2-1/2,6,4,0,4,2,2
archbishop_chancellor,2439,155,1-0,19,6,2,4,4,2
archbishop_chancellor,2440,157,1-0,14,4,0,4,3,1
archbishop_chancellor,2441,119,1/2-1/2,25,12,8,4,7,5
archbishop_chancellor,2442,372,1/2-1/2,3,3,0,3,2,1
archbishop_chancellor,2443,75,1/2-1/2,41,17,10,7,9,8
archbishop_chancellor,2444,159,1-0,19,5,0,5,4,1
archbishop_chancellor,2445,175,1-0,9,3,0,3,2,1
archbishop_chancellor,2446,73,1/2-1/2,46,19,11,8,9,10
archbishop_chancellor,2447,159,1-0,8,4,0,4,3,1
archbishop_chancellor,2448,301,1/2-1/2,65,23,13,10,11,12
archbishop_chancellor,2449,141,1-0,23,9,4,5,8,1
archbishop_chancellor,2450,175,1-0,15,5,1,4,4,1
archbishop_chancellor,2451,146,0-1,21,8,4,4,2,6
archbishop_chancellor,2452,85,1-0,36,15,9,6,9,6
archbishop_chancellor,2453,133,1-0,19,5,1,4,4,1
archbishop_chancellor,2454,159,1-0,19,7,2,5,5,2
archbishop_chancellor,2455,141,1-0,20,7,3,4,5,2
archbishop_chancellor,2456,184,0-1,23,9,5,4,2,7
archbishop_chancellor,2457,224,0-1,14,5,1,4,1,4
archbishop_chancellor,2458,209,1-0,18,6,1,5,5,1
archbishop_chancellor,2459,135,1-0,16,9,5,4,6,3
archbishop_chancellor,2460,182,1/2-1/2,0,2,0,2,1,1
archbishop_chancellor,2461,145,1-0,14,8,5,3,6,2
archbishop_chancellor,2462,152,0-1,9,4,1,3,1,3
archbishop_chancellor,2463,178,0-1,23,9,4,5,3,6
archbishop_chancellor,2464,318,1/2-1/2,8,4,0,4,2,2
archbishop_chancellor,2465,164,0-1,17,7,3,4,2,5
archbishop_chancellor,2466,163,1-0,14,4,0,4,3,1
archbishop_chancellor,2467,183,1-0,20,6,2,4,5,1
archbishop_chancellor,2468,163,1-0,18,7,2,5,5,2
archbishop_chancellor,2469,161,1-0,14,6,2,4,4,2
archbishop_chancellor,2470,172,0-1,10,4,1,3,1,3
archbishop_chancellor,2471,202,1/2-1/2,3,3,0,3,1,2
archbishop_chancellor,2472,177,1-0,19,6,2,4,5,1
archbishop_chancellor,2473,144,0-1,27,10,4,6,3,7
archbishop_chancellor,2474,143,1/2-1/2,0,2,0,2,1,1
archbishop_chancellor,2475,135,1-0,18,10,6,4,5,5
archbishop_chancellor,2476,127,1-0,8,4,0,4,3,1
archbishop_chancellor,2477,104,0-1,33,14,8,6,6,8
archbishop_chancellor,2478,172,0-1,16,6,2,4,2,4
archbishop_chancellor,2479,176,1/2-1/2,23,11,7,4,5,6
archbishop_chancellor,2480,157,1-0,18,6,2,4,5,1
archbishop_chancellor,2481,166,0-1,28,10,5,5,2,8
archbishop_chancellor,2482,183,1-0,20,6,2,4,5,1
archbishop_chancellor,2483,186,1/2-1/2,82,30,16,14,15,15
archbishop_chancellor,2484,147,1-0,14,8,5,3,6,2
archbishop_chancellor,2485,201,1-0,14,5,0,5,4,1
archbishop_chancellor,2486,155,1-0,22,8,4,4,6,2
archbishop_chancellor,2487,174,0-1,11,4,0,4,1,3
archbishop_chancellor,2488,78,1/2-1/2,49,20,10,10,10,10
archbishop_chancellor,2489,131,1-0,23,11,4,7,7,4
archbishop_chancellor,2490,193,1-0,20,10,6,4,6,4
archbishop_chancellor,2491,255,1/2-1/2,11,5,1,4,3,2
archbishop_chancellor,2492,109,1/2-1/2,25,11,6,5,6,5
archbishop_chancellor,2493,145,1-0,31,13,6,7,7,6
archbishop_chancellor,2494,145,1/2-1/2,19,7,3,4,3,4
archbishop_chancellor,2495,125,1-0,14,8,5,3,6,2
archbishop_chancellor,2496,135,1/2-1/2,8,10,8,2,5,5
archbishop_chancellor,2497,90,1/2-1/2,33,12,6,6,5,7
archbishop_chancellor,2498,136,0-1,19,9,5,4,3,6
archbishop_chancellor,2499,139,1/2-1/2,12,6,2,4,3,3
archbishop_chancellor,2500,200,0-1,11,5,2,3,2,3
archbishop_chancellor,2501,132,0-1,12,6,2,4,1,5
archbishop_chancellor,2502,146,1/2-1/2,13,7,3,4,3,4
archbishop_chancellor,2503,147,1-0,29,10,4,6,7,3
archbishop_chancellor,2504,237,1/2-1/2,15,9,5,4,5,4
archbishop_chancellor,2505,205,1-0,5,3,0,3,2,1
archbishop_chancellor,2506,153,1-0,10,4,1,3,3,1
archbishop_chancellor,2507,380,1/2-1/2,16,7,3,4,3,4
archbishop_chancellor,2508,200,1/2-1/2,3,3,0,3,1,2
archbishop_chancellor,2509,169,1-0,19,10,6,4,6,4
archbishop_chancellor,2510,139,1-0,10,4,1,3,3,1
archbishop_chancellor,2511,158,1/2-1/2,17,9,4,5,5,4
archbishop_chancellor,2512,128,1/2-1/2,16,10,6,4,5,5
archbishop_chancellor,2513,139,1-0,8,6,3,3,4,2
archbishop_chancellor,2514,215,1-0,21,5,0,5,4,1
archbishop_chancellor,2515,193,1/2-1/2,24,9,3,6,5,4
archbishop_chancellor,2516,217,1-0,9,3,0,3,2,1
archbishop_chancellor,2517,196,0-1,5,3,0,3,1,2
archbishop_chancellor,2518,149,1-0,23,10,6,4,6,4
archbishop_chancellor,2519,158,0-1,14,4,0,4,1,3
archbishop_chancellor,2520,183,1-0,14,6,2,4,5,1
archbishop_chancellor,2521,205,1-0,17,4,0,4,3,1
archbishop_chancellor,2522,163,1-0,18,14,10,4,9,5
archbishop_chancellor,2523,159,1-0,18,4,0,4,3,1
archbishop_chancellor,2524,194,0-1,15,5,1,4,1,4
archbishop_chancellor,2525,89,1-0,23,11,6,5,8,3
archbishop_chancellor,2526,122,1/2-1/2,3,3,0,3,1,2
archbishop_chancellor,2527,148,0-1,26,11,6,5,6,5
archbishop_chancellor,2528,103,1-0,42,15,8,7,10,5
archbishop_chancellor,2529,150,1/2-1/2,14,8,4,4,4,4
archbishop_chancellor,2530,278,0-1,13,5,1,4,1,4
archbishop_chancellor,2531,212,0-1,6,4,1,3,1,3
archbishop_chancellor,2532,173,1-0,21,5,0,5,4,1
archbishop_chancellor,2533,229,1-0,5,3,0,3,2,1
archbishop_chancellor,2534,195,1-0,18,4,0,4,3,1
archbishop_chancellor,2535,156,0-1,15,5,1,4,1,4
archbishop_chancellor,2536,194,0-1,20,6,2,4,1,5
archbishop_chancellor,2537,123,1-0,13,6,2,4,5,1
archbishop_chancellor,2538,132,0-1,10,8,5,3,1,7
archbishop_chancellor,2539,390,1/2-1/2,8,6,2,4,3,3
archbishop_chancellor,2540,383,1/2-1/2,8,4,0,4,2,2
archbishop_chancellor,2541,103,1-0,41,12,5,7,7,5
archbishop_chancellor,2542,371,1/2-1/2,7,5,1,4,3,2
archbishop_chancellor,2543,185,1-0,8,4,0,4,3,1
archbishop_chancellor,2544,218,0-1,26,9,3,6,3,6
archbishop_chancellor,2545,172,0-1,24,7,2,5,1,6
archbishop_chancellor,2546,204,0-1,11,5,2,3,1,4
archbishop_chancellor,2547,202,0-1,24,11,6,5,3,8
archbishop_chancellor,2548,108,0-1,20,11,7,4,5,6
archbishop_chancellor,2549,253,1-0,9,3,0,3,2,1
archbishop_chancellor,2550,152,1/2-1/2,16,10,6,4,5,5
archbishop_chancellor,2551,143,1-0,22,8,4,4,7,1
archbishop_chancellor,2552,192,0-1,14,4,0,4,1,3
archbishop_chancellor,2553,193,1-0,19,5,1,4,4,1
archbishop_chancellor,2554,221,1/2-1/2,0,2,0,2,1,1
archbishop_chancellor,2555,129,1-0,23,9,4,5,6,3
archbishop_chancellor,2556,171,1-0,9,3,0,3,2,1
archbishop_chancellor,2557,143,1-0,15,10,7,3,6,4
archbishop_chancellor,2558,122,0-1,25,11,5,6,5,6
archbishop_chancellor,2559,169,1/2-1/2,3,3,0,3,2,1
archbishop_chancellor,2560,139,1/2-1/2,34,16,10,6,8,8
archbishop_chancellor,2561,90,0-1,25,11,6,5,2,9
archbishop_chancellor,2562,174,0-1,21,8,4,4,2,6
archbishop_chancellor,2563,115,1-0,17,9,5,4,6,3
archbishop_chancellor,2564,149,1-0,19,5,1,4,4,1
archbishop_chancellor,2565,178,0-1,18,4,0,4,1,3
archbishop_chancellor,2566,173,1-0,18,6,1,5,5,1
archbishop_chancellor,2567,153,1-0,13,5,1,4,4,1
archbishop_chancellor,2568,367,1-0,18,5,1,4,4,1
archbishop_chancellor,2569,132,0-1,29,12,7,5,6,6
archbishop_chancellor,2570,133,1/2-1/2,0,2,0,2,1,1
archbishop_chancellor,2571,331,1-0,9,3,0,3,2,1
archbishop_chancellor,2572,169,1-0,18,4,0,4,3,1
archbishop_chancellor,2573,106,0-1,23,9,5,4,2,7
archbishop_chancellor,2574,142,0-1,12,4,0,4,1,3
archbishop_chancellor,2575,171,1-0,12,4,0,4,3,1
archbishop_chancellor,2576,172,0-1,5,3,0,3,1,2
archbishop_chancellor,2577,193,1-0,19,5,1,4,4,1
archbishop_chancellor,2578,193,1/2-1/2,22,9,5,4,3,6
archbishop_chancellor,2579,179,1-0,24,12,7,5,8,4
archbishop_chancellor,2580,113,1-0,9,7,4,3,5,2
archbishop_chancellor,2581,204,0-1,19,5,1,4,1,4
archbishop_chancellor,2582,204,1/2-1/2,0,2,0,2,1,1
archbishop_chancellor,2583,128,0-1,24,9,4,5,4,5
archbishop_chancellor,2584,273,1-0,12,4,0,4,2,2
archbishop_chancellor,2585,132,0-1,11,7,3,4,1,6
archbishop_chancellor,2586,194,0-1,22,7,2,5,1,6
archbishop_chancellor,2587,171,1-0,20,8,3,5,7,1
archbishop_chancellor,2588,120,0-1,26,8,3,5,3,5
archbishop_chancellor,2589,140,0-1,15,5,1,4,1,4
archbishop_chancellor,2590,180,0-1,10,4,1,3,1,3
archbishop_chancellor,2591,145,1-0,34,11,4,7,6,5
archbishop_chancellor,2592,138,0-1,16,10,6,4,3,7
archbishop_chancellor,2593,151,1-0,17,5,0,5,4,1
archbishop_chancellor,2594,153,1/2-1/2,3,3,0,3,2,1
archbishop_chancellor,2595,132,0-1,17,5,1,4,1,4
archbishop_chancellor,2596,165,1-0,24,8,3,5,5,3
archbishop_chancellor,2597,174,0-1,15,5,1,4,1,4
archbishop_chancellor,2598,116,0-1,26,13,8,5,6,7
archbishop_chancellor,2599,115,1/2-1/2,25,10,5,5,5,5
archbishop_chancellor,2600,148,0-1,21,9,4,5,3,6
archbishop_chancellor,2601,189,1-0,14,4,0,4,3,1
archbishop_chancellor,2602,286,1/2-1/2,6,4,0,4,2,2
archbishop_chancellor,2603,189,1/2-1/2,6,4,0,4,2,2
archbishop_chancellor,2604,159,1-0,20,7,3,4,5,2
archbishop_chancellor,2605,190,1/2-1/2,10,6,2,4,4,2
archbishop_chancellor,2606,234,0-1,8,3,0,3,1,2
archbishop_chancellor,2607,182,0-1,9,3,0,3,1,2
archbishop_chancellor,2608,210,0-1,5,3,0,3,1,2
archbishop_chancellor,2609,179,1-0,22,14,10,4,7,7
archbishop_chancellor,2610,74,1/2-1/2,61,21,11,10,11,10
archbishop_chancellor,2611,137,1-0,21,8,4,4,5,3
archbishop_chancellor,2612,127,1-0,7,7,4,3,5,2
archbishop_chancellor,2613,203,1/2-1/2,34,20,16,4,10,10
archbishop_chancellor,2614,153,1/2-1/2,39,15,7,8,7,8
archbishop_chancellor,2615,84,1/2-1/2,48,19,10,9,10,9
archbishop_chancellor,2616,127,1-0,14,6,2,4,4,2
archbishop_chancellor,2617,139,1-0,14,8,5,3,7,1
archbishop_chancellor,2618,178,0-1,9,3,0,3,1,2
archbishop_chancellor,2619,142,0-1,22,7,1,6,3,4
archbishop_chancellor,2620,283,1/2-1/2,9,7,3,4,4,3
archbishop_chancellor,2621,120,0-1,14,6,1,5,1,5
archbishop_chancellor,2622,470,1/2-1/2,19,5,1,4,2,3
archbishop_chancellor,2623,212,1/2-1/2,22,9,5,4,4,5
archbishop_chancellor,2624,164,0-1,21,7,3,4,2,5
archbishop_chancellor,2625,191,1-0,19,5,1,4,4,1
archbishop_chancellor,2626,177,1-0,20,7,3,4,5,2
archbishop_chancellor,2627,338,1/2-1/2,9,5,1,4,2,3
archbishop_chancellor,2628,120,0-1,19,8,3,5,1,7
archbishop_chancellor,2629,339,1/2-1/2,11,5,1,4,3,2
archbishop_chancellor,2630,255,1/2-1/2,11,5,1,4,2,3
archbishop_chancellor,2631,117,1-0,23,9,5,4,6,3
archbishop_chancellor,2632,183,1-0,12,5,1,4,3,2
archbishop_chancellor,2633,143,1-0,18,8,3,5,6,2
archbishop_chancellor,2634,207,1/2-1/2,6,8,6,2,4,4
archbishop_chancellor,2635,152,0-1,16,7,3,4,1,6
archbishop_chancellor,2636,182,0-1,13,4,0,4,1,3
archbishop_chancellor,2637,126,1/2-1/2,24,8,3,5,5,3
archbishop_chancellor,2638,376,0-1,16,10,7,3,4,6
archbishop_chancellor,2639,161,1-0,14,6,2,4,5,1
archbishop_chancellor,2640,128,0-1,24,8,3,5,1,7
archbishop_chancellor,2641,192,0-1,15,5,1,4,1,4
archbishop_chancellor,2642,81,1-0,40,13,5,8,8,5
archbishop_chancellor,2643,124,0-1,21,11,7,4,4,7
archbishop_chancellor,2644,205,1-0,5,3,0,3,2,1
archbishop_chancellor,2645,95,1/2-1/2,27,13,8,5,7,6
archbishop_chancellor,2646,221,1/2-1/2,10,4,0,4,2,2
archbishop_chancellor,2647,120,0-1,29,13,7,6,5,8
archbishop_chancellor,2648,227,1/2-1/2,11,5,1,4,2,3
archbishop_chancellor,2649,136,0-1,19,5,1,4,1,4
archbishop_chancellor,2650,172,0-1,26,8,3,5,3,5
archbishop_chancellor,2651,166,0-1,5,3,0,3,1,2
archbishop_chancellor,2652,192,0-1,19,5,1,4,1,4
archbishop_chancellor,2653,139,1-0,21,7,3,4,6,1
archbishop_chancellor,2654,148,0-1,9,4,1,3,2,2
archbishop_chancellor,2655,98,1/2-1/2,30,12,7,5,7,5
archbishop_chancellor,2656,156,1/2-1/2,86,28,14,14,14,14
archbishop_chancellor,2657,178,0-1,12,5,1,4,1,4
archbishop_chancellor,2658,115,1-0,21,8,4,4,6,2
archbishop_chancellor,2659,138,0-1,14,7,3,4,2,5
archbishop_chancellor,2660,203,1/2-1/2,23,9,3,6,4,5
archbishop_chancellor,2661,131,1-0,15,5,1,4,4,1
archbishop_chancellor,2662,158,0-1,15,5,1,4,1,4
archbishop_chancellor,2663,124,0-1,20,7,3,4,2,5
archbishop_chancellor,2664,108,1/2-1/2,12,6,2,4,3,3
archbishop_chancellor,2665,101,1-0,29,12,7,5,9,3
archbishop_chancellor,2666,145,1-0,24,8,2,6,7,1
archbishop_chancellor,2667,214,0-1,24,6,0,6,2,4
archbishop_chancellor,2668,219,1-0,23,7,1,6,5,2
archbishop_chancellor,2669,161,1-0,15,5,1,4,4,1
archbishop_chancellor,2670,142,0-1,16,8,4,4,3,5
archbishop_chancellor,2671,402,1/2-1/2,10,8,4,4,4,4
archbishop_chancellor,2672,120,1/2-1/2,49,19,11,8,9,10
archbishop_chancellor,2673,126,0-1,20,10,6,4,2,8
archbishop_chancellor,2674,144,1/2-1/2,0,2,0,2,1,1
archbishop_chancellor,2675,187,1-0,22,9,5,4,7,2
archbishop_chancellor,2676,162,0-1,22,12,8,4,4,8
archbishop_chancellor,2677,132,0-1,21,8,4,4,2,6
archbishop_chancellor,2678,169,1-0,14,6,2,4,5,1
archbishop_chancellor,2679,164,0-1,31,9,4,5,2,7
archbishop_chancellor,2680,169,1-0,21,9,4,5,6,3
archbishop_chancellor,2681,194,0-1,18,4,0,4,1,3
archbishop_chancellor,2682,111,1-0,19,11,7,4,8,3
archbishop_chancellor,2683,164,0-1,16,8,4,4,2,6
archbishop_chancellor,2684,97,1-0,22,10,5,5,8,2
archbishop_chancellor,2685,132,0-1,16,9,5,4,3,6
archbishop_chancellor,2686,168,0-1,19,5,0,5,2,3
archbishop_chancellor,2687,266,1/2-1/2,98,32,16,16,16,16
archbishop_chancellor,2688,147,1-0,21,7,2,5,6,1
archbishop_chancellor,2689,105,1-0,24,12,7,5,7,5
archbishop_chancellor,2690,71,1/2-1/2,32,17,11,6,8,9
archbishop_chancellor,2691,120,0-1,19,6,2,4,1,5
archbishop_chancellor,2692,141,1/2-1/2,58,19,9,10,9,10
archbishop_chancellor,2693,82,1/2-1/2,37,15,8,7,7,8
archbishop_chancellor,2694,153,1/2-1/2,0,2,0,2,1,1
archbishop_chancellor,2695,132,1/2-1/2,25,13,8,5,8,5
archbishop_chancellor,2696,200,1/2-1/2,20,7,3,4,3,4
archbishop_chancellor,2697,297,1/2-1/2,10,4,0,4,2,2
archbishop_chancellor,2698,125,1-0,20,10,6,4,7,3
archbishop_chancellor,2699,134,0-1,19,5,1,4,1,4
archbishop_chancellor,2700,269,1/2-1/2,11,5,1,4,2,3
archbishop_chancellor,2701,143,1-0,24,8,2,6,6,2
archbishop_chancellor,2702,173,1/2-1/2,3,3,0,3,2,1
archbishop_chancellor,2703,135,1-0,17,5,1,4,4,1
archbishop_chancellor,2704,187,1-0,23,8,3,5,6,2
dragon_unicorn,1,66,0-1,41,19,10,9,7,12
dragon_unicorn,2,99,1-0,19,9,4,5,7,2
dragon_unicorn,3,134,0-1,15,11,7,4,2,9
dragon_unicorn,4,166,1/2-1/2,0,2,0,2,1,1
dragon_unicorn,5,156,1/2-1/2,0,2,0,2,1,1
dragon_unicorn,6,93,1-0,24,14,9,5,10,4
dragon_unicorn,7,140,0-1,15,5,0,5,1,4
dragon_unicorn,8,194,1/2-1/2,30,18,11,7,9,9
dragon_unicorn,9,154,0-1,23,9,2,7,2,7
dragon_unicorn,10,81,1-0,23,11,6,5,8,3
dragon_unicorn,11,130,0-1,17,7,2,5,2,5
dragon_unicorn,12,213,1-0,20,8,3,5,5,3
dragon_unicorn,13,130,0-1,25,9,4,5,3,6
dragon_unicorn,14,217,1/2-1/2,15,9,5,4,5,4
dragon_unicorn,15,116,0-1,25,9,4,5,2,7
dragon_unicorn,16,123,1-0,16,6,2,4,5,1
dragon_unicorn,17,119,1-0,19,9,4,5,7,2
dragon_unicorn,18,133,1-0,23,7,2,5,6,1
dragon_unicorn,19,123,1-0,20,10,5,5,7,3
dragon_unicorn,20,127,1-0,34,12,5,7,9,3
dragon_unicorn,21,184,0-1,5,3,0,3,1,2
dragon_unicorn,22,100,0-1,18,12,7,5,3,9
dragon_unicorn,23,160,0-1,22,8,2,6,1,7
dragon_unicorn,24,143,1-0,17,7,2,5,6,1
dragon_unicorn,25,105,1-0,26,12,6,6,9,3
dragon_unicorn,26,117,1-0,18,8,3,5,6,2
dragon_unicorn,27,169,1-0,17,7,2,5,5,2
dragon_unicorn,28,192,0-1,17,9,5,4,3,6
dragon_unicorn,29,144,0-1,21,7,1,6,1,6
dragon_unicorn,30,159,1-0,12,4,0,4,3,1
dragon_unicorn,31,166,0-1,19,7,2,5,1,6
dragon_unicorn,32,181,1-0,17,7,2,5,5,2
dragon_unicorn,33,134,0-1,17,7,2,5,2,5
dragon_unicorn,34,249,1-0,19,11,7,4,7,4
dragon_unicorn,35,116,1/2-1/2,11,5,1,4,3,2
dragon_unicorn,36,133,1/2-1/2,6,6,3,3,3,3
dragon_unicorn,37,125,1-0,26,12,6,6,11,1
dragon_unicorn,38,314,1/2-1/2,23,11,6,5,5,6
dragon_unicorn,39,156,0-1,14,6,2,4,2,4
dragon_unicorn,40,249,1/2-1/2,11,5,1,4,2,3
dragon_unicorn,41,85,1-0,25,13,8,5,8,5
dragon_unicorn,42,91,1-0,55,19,8,11,12,7
dragon_unicorn,43,195,1/2-1/2,7,5,2,3,2,3
dragon_unicorn,44,136,0-1,10,6,2,4,2,4
dragon_unicorn,45,200,0-1,5,3,0,3,1,2
dragon_unicorn,46,125,1-0,17,9,4,5,7,2
dragon_unicorn,47,122,0-1,23,9,3,6,2,7
dragon_unicorn,48,163,1-0,15,5,0,5,4,1
dragon_unicorn,49,130,0-1,24,8,2,6,2,6
dragon_unicorn,50,142,1/2-1/2,27,15,8,7,7,8
dragon_unicorn,51,105,1-0,21,9,3,6,7,2
dragon_unicorn,52,77,1-0,33,13,7,6,9,4
dragon_unicorn,53,156,0-1,18,10,5,5,4,6
dragon_unicorn,54,118,0-1,17,9,5,4,2,7
dragon_unicorn,55,138,0-1,7,5,2,3,1,4
dragon_unicorn,56,182,1/2-1/2,33,13,7,6,7,6
dragon_unicorn,57,60,0-1,67,23,10,13,11,12
dragon_unicorn,58,95,1-0,26,14,7,7,9,5
dragon_unicorn,59,170,0-1,15,5,1,4,1,4
dragon_unicorn,60,187,1-0,12,4,0,4,3,1
dragon_unicorn,61,137,1-0,19,7,2,5,6,1
dragon_unicorn,62,256,1/2-1/2,12,8,3,5,4,4
dragon_unicorn,63,93,1-0,35,17,9,8,11,6
dragon_unicorn,64,63,1-0,24,16,11,5,9,7
dragon_unicorn,65,119,1-0,20,10,5,5,8,2
dragon_unicorn,66,100,0-1,16,8,4,4,2,6
dragon_unicorn,67,151,1/2-1/2,21,11,5,6,6,5
dragon_unicorn,68,186,0-1,23,9,3,6,3,6
dragon_unicorn,69,116,1/2-1/2,20,14,8,6,7,7
dragon_unicorn,70,190,0-1,13,5,1,4,1,4
dragon_unicorn,71,116,1/2-1/2,46,18,9,9,9,9
dragon_unicorn,72,245,1/2-1/2,3,3,0,3,2,1
dragon_unicorn,73,157,1-0,18,8,3,5,5,3
dragon_unicorn,74,103,1-0,23,11,6,5,7,4
dragon_unicorn,75,226,0-1,5,3,0,3,1,2
dragon_unicorn,76,85,1-0,29,15,9,6,9,6
dragon_unicorn,77,214,0-1,8,4,0,4,1,3
dragon_unicorn,78,324,0-1,44,18,10,8,7,11
dragon_unicorn,79,107,1-0,19,11,7,4,7,4
dragon_unicorn,80,121,1-0,14,6,2,4,5,1
dragon_unicorn,81,140,0-1,18,8,3,5,2,6
dragon_unicorn,82,186,0-1,17,5,0,5,1,4
dragon_unicorn,83,189,1/2-1/2,1,3,1,2,1,2
dragon_unicorn,84,182,0-1,20,10,5,5,4,6
dragon_unicorn,85,174,0-1,19,7,1,6,2,5
dragon_unicorn,86,113,1-0,14,8,4,4,6,2
dragon_unicorn,87,151,1-0,26,12,6,6,8,4
dragon_unicorn,88,151,1/2-1/2,3,3,0,3,2,1
dragon_unicorn,89,186,0-1,17,5,0,5,1,4
dragon_unicorn,90,124,0-1,33,13,5,8,5,8
dragon_unicorn,91,231,1-0,21,11,5,6,8,3
dragon_unicorn,92,127,1-0,21,7,1,6,6,1
dragon_unicorn,93,150,0-1,18,8,3,5,1,7
dragon_unicorn,94,131,1-0,21,7,3,4,6,1
dragon_unicorn,95,140,0-1,15,7,3,4,1,6
dragon_unicorn,96,158,0-1,21,7,1,6,1,6
dragon_unicorn,97,147,1/2-1/2,13,11,7,4,5,6
dragon_unicorn,98,165,1-0,18,6,0,6,5,1
dragon_unicorn,99,142,0-1,15,7,3,4,1,6
dragon_unicorn,100,128,0-1,23,7,2,5,1,6
dragon_unicorn,101,123,1-0,22,14,8,6,9,5
dragon_unicorn,102,147,1-0,19,7,1,6,6,1
dragon_unicorn,103,108,0-1,27,15,10,5,5,10
dragon_unicorn,104,133,1-0,19,9,4,5,7,2
dragon_unicorn,105,117,1-0,25,13,7,6,7,6
dragon_unicorn,106,162,0-1,15,7,3,4,2,5
dragon_unicorn,107,108,0-1,22,12,7,5,3,9
dragon_unicorn,108,150,1/2-1/2,22,12,6,6,6,6
dragon_unicorn,109,137,1-0,20,8,3,5,6,2
dragon_unicorn,110,188,0-1,16,6,1,5,1,5
dragon_unicorn,111,89,1-0,27,15,10,5,11,4
dragon_unicorn,112,153,1-0,19,7,2,5,6,1
dragon_unicorn,113,138,0-1,16,8,4,4,2,6
dragon_unicorn,114,127,1/2-1/2,14,8,4,4,4,4
dragon_unicorn,115,196,0-1,20,8,2,6,2,6
dragon_unicorn,116,160,0-1,9,5,1,4,1,4
dragon_unicorn,117,167,1/2-1/2,8,6,2,4,3,3
dragon_unicorn,118,103,1-0,17,9,4,5,7,2
dragon_unicorn,119,137,1-0,17,7,2,5,6,1
dragon_unicorn,120,147,1/2-1/2,27,13,5,8,8,5
dragon_unicorn,121,207,1-0,10,4,0,4,3,1
dragon_unicorn,122,188,0-1,7,5,2,3,2,3
dragon_unicorn,123,115,1-0,28,14,8,6,10,4
dragon_unicorn,124,225,1-0,18,8,3,5,6,2
dragon_unicorn,125,101,1-0,24,14,9,5,10,4
dragon_unicorn,126,162,0-1,15,7,3,4,2,5
dragon_unicorn,127,139,1/2-1/2,6,8,6,2,4,4
dragon_unicorn,128,168,0-1,28,10,3,7,4,6
dragon_unicorn,129,132,0-1,23,11,6,5,5,6
dragon_unicorn,130,143,1-0,18,6,1,5,5,1
dragon_unicorn,131,181,1-0,15,5,0,5,4,1
dragon_unicorn,132,146,0-1,23,11,6,5,3,8
dragon_unicorn,133,145,1-0,16,6,1,5,5,1
dragon_unicorn,134,117,1-0,31,15,9,6,11,4
dragon_unicorn,135,177,1-0,12,6,2,4,4,2
dragon_unicorn,136,138,1/2-1/2,16,10,5,5,6,4
dragon_unicorn,137,152,0-1,18,8,3,5,3,5
dragon_unicorn,138,103,1-0,22,14,10,4,8,6
dragon_unicorn,139,135,1-0,17,7,2,5,6,1
dragon_unicorn,140,115,1-0,10,6,2,4,4,2
dragon_unicorn,141,206,0-1,25,7,1,6,2,5
dragon_unicorn,142,98,0-1,21,11,7,4,3,8
dragon_unicorn,143,138,0-1,21,5,0,5,1,4
dragon_unicorn,144,139,1-0,19,9,4,5,7,2
dragon_unicorn,145,65,1-0,32,16,9,7,12,4
dragon_unicorn,146,116,0-1,24,10,4,6,3,7
dragon_unicorn,147,152,0-1,19,7,2,5,1,6
dragon_unicorn,148,179,1-0,10,6,2,4,5,1
dragon_unicorn,149,283,1/2-1/2,3,3,0,3,2,1
dragon_unicorn,150,119,1-0,16,8,4,4,7,1
dragon_unicorn,151,121,1-0,15,9,5,4,7,2
dragon_unicorn,152,140,0-1,18,10,6,4,4,6
dragon_unicorn,153,95,1-0,21,11,6,5,8,3
dragon_unicorn,154,162,0-1,18,10,6,4,3,7
dragon_unicorn,155,77,1-0,64,20,7,13,11,9
dragon_unicorn,156,184,1/2-1/2,3,3,0,3,1,2
dragon_unicorn,157,207,1-0,13,5,1,4,4,1
dragon_unicorn,158,139,1-0,26,10,4,6,6,4
dragon_unicorn,159,142,1/2-1/2,43,17,9,8,8,9
dragon_unicorn,160,304,0-1,25,7,1,6,3,4
dragon_unicorn,161,143,1-0,13,7,2,5,5,2
dragon_unicorn,162,85,1-0,35,17,8,9,12,5
dragon_unicorn,163,184,0-1,17,7,2,5,1,6
dragon_unicorn,164,165,1-0,18,6,0,6,5,1
dragon_unicorn,165,151,1-0,17,7,2,5,6,1
dragon_unicorn,166,129,1-0,19,9,4,5,6,3
dragon_unicorn,167,126,0-1,22,14,9,5,6,8
dragon_unicorn,168,115,1-0,17,7,2,5,5,2
dragon_unicorn,169,146,0-1,15,5,0,5,1,4
dragon_unicorn,170,97,1-0,34,16,9,7,11,5
dragon_unicorn,171,259,1-0,5,3,0,3,2,1
dragon_unicorn,172,143,1-0,16,8,4,4,6,2
dragon_unicorn,173,118,0-1,23,7,2,5,1,6
dragon_unicorn,174,197,1/2-1/2,46,18,10,8,8,10
dragon_unicorn,175,74,0-1,73,27,13,14,14,13
dragon_unicorn,176,100,0-1,23,9,3,6,3,6
dragon_unicorn,177,137,1/2-1/2,16,10,6,4,5,5
dragon_unicorn,178,243,1-0,5,3,0,3,2,1
dragon_unicorn,179,105,1-0,27,13,7,6,9,4
dragon_unicorn,180,182,0-1,15,5,0,5,1,4
dragon_unicorn,181,141,1-0,30,14,8,6,11,3
dragon_unicorn,182,116,0-1,27,9,3,6,2,7
dragon_unicorn,183,156,0-1,14,6,2,4,1,5
dragon_unicorn,184,176,1/2-1/2,0,2,0,2,1,1
dragon_unicorn,185,156,0-1,15,5,0,5,1,4
dragon_unicorn,186,126,0-1,18,10,6,4,4,6
dragon_unicorn,187,184,0-1,18,6,0,6,1,5
dragon_unicorn,188,153,1-0,32,12,5,7,10,2
dragon_unicorn,189,105,1-0,22,14,10,4,7,7
dragon_unicorn,190,105,1-0,22,10,5,5,7,3
dragon_unicorn,191,163,1/2-1/2,8,6,2,4,3,3
dragon_unicorn,192,161,1-0,18,6,1,5,4,2
dragon_unicorn,193,118,0-1,26,12,6,6,4,8
dragon_unicorn,194,177,1-0,5,3,0,3,2,1
dragon_unicorn,195,171,1-0,7,5,2,3,4,1
dragon_unicorn,196,101,1-0,19,9,5,4,5,4
dragon_unicorn,197,132,1/2-1/2,49,17,8,9,10,7
dragon_unicorn,198,116,0-1,11,7,3,4,1,6
dragon_unicorn,199,192,0-1,5,3,0,3,1,2
dragon_unicorn,200,120,0-1,21,11,5,6,2,9
dragon_unicorn,201,127,1-0,19,9,4,5,7,2
dragon_unicorn,202,130,0-1,14,6,2,4,2,4
dragon_unicorn,203,114,0-1,19,13,8,5,4,9
dragon_unicorn,204,404,0-1,6,4,0,4,1,3
dragon_unicorn,205,148,0-1,26,10,5,5,2,8
dragon_unicorn,206,136,0-1,20,10,5,5,3,7
dragon_unicorn,207,167,1-0,22,8,2,6,7,1
dragon_unicorn,208,100,0-1,26,10,4,6,3,7
dragon_unicorn,209,369,1/2-1/2,7,5,1,4,2,3
dragon_unicorn,210,138,0-1,18,8,3,5,1,7
dragon_unicorn,211,153,1-0,21,9,4,5,7,2
dragon_unicorn,212,71,1-0,49,19,10,9,12,7
dragon_unicorn,213,103,1-0,66,22,9,13,10,12
dragon_unicorn,214,86,1/2-1/2,47,17,7,10,9,8
dragon_unicorn,215,171,1-0,5,3,0,3,2,1
dragon_unicorn,216,204,0-1,8,4,0,4,1,3
dragon_unicorn,217,111,1-0,21,9,4,5,7,2
dragon_unicorn,218,148,0-1,8,4,0,4,1,3
dragon_unicorn,219,237,1/2-1/2,8,4,0,4,2,2
dragon_unicorn,220,103,1-0,28,12,6,6,8,4
dragon_unicorn,221,150,0-1,26,12,5,7,4,8
dragon_unicorn,222,196,0-1,22,8,2,6,2,6
dragon_unicorn,223,100,1/2-1/2,46,20,10,10,10,10
dragon_unicorn,224,93,1-0,35,15,8,7,10,5
dragon_unicorn,225,155,1-0,21,9,4,5,7,2
dragon_unicorn,226,158,0-1,18,8,3,5,1,7
dragon_unicorn,227,129,1-0,20,6,2,4,5,1
dragon_unicorn,228,128,0-1,14,10,6,4,3,7
dragon_unicorn,229,147,1-0,23,11,6,5,6,5
dragon_unicorn,230,93,1-0,29,13,7,6,9,4
dragon_unicorn,231,83,1/2-1/2,40,16,7,9,8,8
dragon_unicorn,232,97,1-0,32,12,5,7,6,6
dragon_unicorn,233,210,0-1,21,11,6,5,4,7
dragon_unicorn,234,71,1-0,25,13,8,5,8,5
dragon_unicorn,235,176,0-1,10,6,1,5,2,4
dragon_unicorn,236,334,1/2-1/2,7,5,1,4,2,3
dragon_unicorn,237,100,0-1,29,15,9,6,6,9
dragon_unicorn,238,358,1/2-1/2,5,5,2,3,3,2
dragon_unicorn,239,169,1-0,23,7,1,6,6,1
dragon_unicorn,240,119,1-0,8,8,5,3,6,2
dragon_unicorn,241,164,0-1,19,9,4,5,3,6
dragon_unicorn,242,147,1-0,16,6,2,4,5,1
dragon_unicorn,243,145,1-0,17,5,0,5,4,1
dragon_unicorn,244,108,0-1,20,12,7,5,5,7
dragon_unicorn,245,216,1/2-1/2,3,3,0,3,1,2
dragon_unicorn,246,112,0-1,27,13,7,6,6,7
dragon_unicorn,247,60,0-1,80,26,9,17,13,13
dragon_unicorn,248,167,1-0,12,6,3,3,3,3
dragon_unicorn,249,158,0-1,22,8,2,6,3,5
dragon_unicorn,250,159,1-0,23,9,3,6,7,2
dragon_unicorn,251,165,1-0,17,7,2,5,5,2
dragon_unicorn,252,131,1-0,22,8,3,5,6,2
dragon_unicorn,253,139,1-0,19,7,1,6,5,2
dragon_unicorn,254,120,0-1,47,19,9,10,8,11
dragon_unicorn,255,152,0-1,17,9,5,4,2,7
dragon_unicorn,256,160,0-1,17,7,2,5,1,6
dragon_unicorn,257,146,0-1,14,10,5,5,3,7
dragon_unicorn,258,154,0-1,8,6,3,3,2,4
dragon_unicorn,259,257,1/2-1/2,8,4,0,4,2,2
dragon_unicorn,260,128,0-1,10,6,2,4,1,5
dragon_unicorn,261,165,1-0,20,6,0,6,5,1
dragon_unicorn,262,206,0-1,15,5,0,5,1,4
dragon_unicorn,263,143,1-0,21,11,6,5,6,5
dragon_unicorn,264,146,0-1,29,13,8,5,6,7
dragon_unicorn,265,174,0-1,12,4,0,4,1,3
dragon_unicorn,266,89,1-0,28,14,7,7,8,6
dragon_unicorn,267,183,1-0,28,12,5,7,9,3
dragon_unicorn,268,154,0-1,14,6,2,4,2,4
dragon_unicorn,269,210,1/2-1/2,9,7,3,4,4,3
dragon_unicorn,270,152,0-1,23,11,5,6,2,9
dragon_unicorn,271,75,1-0,28,14,9,5,8,6
dragon_unicorn,272,154,0-1,23,9,4,5,2,7
dragon_unicorn,273,204,0-1,21,9,4,5,2,7
dragon_unicorn,274,109,1-0,16,8,4,4,7,1
dragon_unicorn,275,177,1/2-1/2,13,7,3,4,4,3
dragon_unicorn,276,124,0-1,22,10,5,5,3,7
dragon_unicorn,277,187,1-0,15,5,0,5,4,1
dragon_unicorn,278,205,1-0,17,7,2,5,6,1
dragon_unicorn,279,480,1/2-1/2,9,5,1,4,2,3
dragon_unicorn,280,303,1/2-1/2,17,5,0,5,3,2
dragon_unicorn,281,205,1-0,8,4,0,4,3,1
dragon_unicorn,282,104,0-1,28,14,7,7,7,7
dragon_unicorn,283,164,0-1,10,6,2,4,1,5
dragon_unicorn,284,141,1-0,22,10,4,6,8,2
dragon_unicorn,285,106,0-1,19,9,4,5,3,6
dragon_unicorn,286,106,0-1,36,14,7,7,4,10
dragon_unicorn,287,133,1-0,19,9,4,5,7,2
dragon_unicorn,288,142,0-1,23,11,6,5,4,7
dragon_unicorn,289,208,0-1,5,3,0,3,1,2
dragon_unicorn,290,206,0-1,20,8,2,6,1,7
dragon_unicorn,291,99,1-0,47,17,7,10,9,8
dragon_unicorn,292,116,0-1,20,8,2,6,1,7
dragon_unicorn,293,189,1-0,15,5,1,4,4,1
dragon_unicorn,294,153,1-0,14,6,2,4,4,2
dragon_unicorn,295,59,1-0,35,15,8,7,9,6
dragon_unicorn,296,247,1/2-1/2,11,5,1,4,2,3
dragon_unicorn,297,184,0-1,16,6,1,5,2,4
dragon_unicorn,298,135,1-0,21,9,4,5,7,2
dragon_unicorn,299,319,1/2-1/2,19,9,3,6,4,5
dragon_unicorn,300,146,0-1,9,7,3,4,3,4
dragon_unicorn,301,109,1-0,24,10,4,6,9,1
dragon_unicorn,302,170,0-1,15,5,0,5,1,4
dragon_unicorn,303,125,1-0,11,7,3,4,6,1
dragon_unicorn,304,255,1/2-1/2,3,3,0,3,1,2
dragon_unicorn,305,114,0-1,22,10,4,6,3,7
dragon_unicorn,306,137,1-0,20,8,3,5,5,3
dragon_unicorn,307,122,0-1,27,11,6,5,4,7
dragon_unicorn,308,138,0-1,15,7,3,4,2,5
dragon_unicorn,309,99,1-0,21,13,9,4,8,5
dragon_unicorn,310,168,0-1,21,7,1,6,1,6
dragon_unicorn,311,121,1-0,16,8,4,4,6,2
dragon_unicorn,312,143,1-0,22,12,7,5,9,3
dragon_unicorn,313,106,1/2-1/2,26,16,10,6,8,8
dragon_unicorn,314,142,0-1,23,7,2,5,3,4
dragon_unicorn,315,214,0-1,25,7,1,6,1,6
dragon_unicorn,316,165,1-0,18,8,3,5,6,2
dragon_unicorn,317,223,1-0,8,4,0,4,3,1
dragon_unicorn,318,142,0-1,20,8,2,6,3,5
dragon_unicorn,319,121,1-0,16,6,2,4,4,2
dragon_unicorn,320,157,1-0,30,10,2,8,8,2
dragon_unicorn,321,140,0-1,17,9,5,4,3,6
dragon_unicorn,322,120,1/2-1/2,39,15,7,8,8,7
dragon_unicorn,323,132,0-1,6,4,1,3,1,3
dragon_unicorn,324,225,1-0,13,5,1,4,4,1
dragon_unicorn,325,126,0-1,16,8,4,4,2,6
dragon_unicorn,326,317,1-0,32,14,7,7,8,6
dragon_unicorn,327,95,1/2-1/2,29,11,6,5,5,6
dragon_unicorn,328,142,0-1,18,6,0,6,1,5
dragon_unicorn,329,153,1-0,15,7,3,4,5,2
dragon_unicorn,330,93,1-0,27,13,7,6,8,5
dragon_unicorn,331,149,1-0,23,11,6,5,8,3
dragon_unicorn,332,111,1-0,23,11,5,6,6,5
dragon_unicorn,333,180,1/2-1/2,4,6,4,2,3,3
dragon_unicorn,334,120,0-1,28,10,4,6,4,6
dragon_unicorn,335,168,0-1,16,6,1,5,1,5
dragon_unicorn,336,139,1-0,18,8,3,5,7,1
dragon_unicorn,337,298,0-1,14,6,2,4,2,4
dragon_unicorn,338,405,1-0,25,15,10,5,8,7
dragon_unicorn,339,104,0-1,17,9,4,5,3,6
dragon_unicorn,340,112,0-1,21,11,6,5,4,7
dragon_unicorn,341,135,1-0,16,8,4,4,6,2
dragon_unicorn,342,154,0-1,18,8,4,4,2,6
dragon_unicorn,343,180,0-1,15,5,1,4,1,4
dragon_unicorn,344,124,0-1,15,9,4,5,2,7
dragon_unicorn,345,241,1-0,5,3,0,3,2,1
dragon_unicorn,346,245,1-0,8,4,0,4,3,1
dragon_unicorn,347,134,0-1,33,13,5,8,5,8
dragon_unicorn,348,70,0-1,74,24,10,14,12,12
dragon_unicorn,349,120,0-1,37,15,7,8,6,9
dragon_unicorn,350,121,1-0,34,12,5,7,8,4
dragon_unicorn,351,154,0-1,23,9,3,6,1,8
dragon_unicorn,352,120,0-1,23,9,3,6,1,8
dragon_unicorn,353,171,1/2-1/2,6,4,0,4,2,2
dragon_unicorn,354,121,1-0,24,10,4,6,9,1
dragon_unicorn,355,137,1-0,21,9,4,5,7,2
dragon_unicorn,356,73,1-0,29,15,9,6,10,5
dragon_unicorn,357,244,0-1,16,6,1,5,1,5
dragon_unicorn,358,225,1-0,8,4,0,4,3,1
dragon_unicorn,359,139,1/2-1/2,14,8,4,4,4,4
dragon_unicorn,360,105,1-0,26,10,4,6,6,4
dragon_unicorn,361,135,1-0,24,14,9,5,8,6
dragon_unicorn,362,240,0-1,11,5,1,4,2,3
dragon_unicorn,363,87,1-0,44,16,7,9,9,7
dragon_unicorn,364,110,0-1,32,12,4,8,2,10
dragon_unicorn,365,163,1/2-1/2,12,6,2,4,3,3
dragon_unicorn,366,119,1-0,27,15,9,6,8,7
dragon_unicorn,367,205,1-0,23,7,2,5,6,1
dragon_unicorn,368,89,1-0,20,10,5,5,6,4
dragon_unicorn,369,122,1/2-1/2,22,10,3,7,6,4
dragon_unicorn,370,73,1-0,45,17,9,8,8,9
dragon_unicorn,371,106,0-1,12,8,4,4,2,6
dragon_unicorn,372,141,1-0,18,8,3,5,6,2
dragon_unicorn,373,130,0-1,21,7,1,6,1,6
dragon_unicorn,374,142,0-1,17,7,2,5,2,5
dragon_unicorn,375,126,0-1,28,10,4,6,3,7
dragon_unicorn,376,125,1/2-1/2,16,10,6,4,5,5
dragon_unicorn,377,262,0-1,16,6,1,5,1,5
dragon_unicorn,378,136,0-1,18,8,3,5,1,7
dragon_unicorn,379,91,1-0,39,19,10,9,11,8
dragon_unicorn,380,91,1-0,27,13,8,5,8,5
dragon_unicorn,381,79,1-0,57,21,10,11,11,10
dragon_unicorn,382,165,1-0,20,6,0,6,5,1
dragon_unicorn,383,122,0-1,17,7,2,5,2,5
dragon_unicorn,384,141,1-0,10,6,2,4,5,1
dragon_unicorn,385,98,1/2-1/2,62,20,10,10,10,10
dragon_unicorn,386,122,0-1,19,11,7,4,3,8
dragon_unicorn,387,174,0-1,28,8,1,7,2,6
dragon_unicorn,388,250,0-1,11,5,2,3,1,4
dragon_unicorn,389,177,1-0,25,9,4,5,6,3
dragon_unicorn,390,193,1-0,17,7,2,5,5,2
dragon_unicorn,391,109,1-0,19,9,5,4,6,3
dragon_unicorn,392,139,1-0,21,11,6,5,8,3
dragon_unicorn,393,191,1-0,5,3,0,3,2,1
dragon_unicorn,394,220,1/2-1/2,3,3,0,3,1,2
dragon_unicorn,395,193,1-0,20,8,3,5,7,1
dragon_unicorn,396,128,0-1,14,6,2,4,1,5
dragon_unicorn,397,135,1-0,9,7,3,4,6,1
dragon_unicorn,398,87,1-0,19,11,6,5,8,3
dragon_unicorn,399,201,1-0,5,3,0,3,2,1
dragon_unicorn,400,80,0-1,73,25,11,14,11,14
dragon_unicorn,401,176,0-1,17,5,0,5,1,4
dragon_unicorn,402,193,1-0,16,6,1,5,5,1
dragon_unicorn,403,138,0-1,19,9,4,5,2,7
dragon_unicorn,404,96,0-1,28,16,10,6,8,8
dragon_unicorn,405,226,0-1,15,11,7,4,4,7
dragon_unicorn,406,195,1/2-1/2,16,8,3,5,4,4
dragon_unicorn,407,193,1-0,12,4,0,4,3,1
dragon_unicorn,408,185,1-0,15,5,0,5,4,1
dragon_unicorn,409,133,1-0,19,9,4,5,8,1
dragon_unicorn,410,204,0-1,17,7,2,5,1,6
dragon_unicorn,411,131,1-0,19,9,4,5,7,2
dragon_unicorn,412,171,1-0,37,15,8,7,8,7
dragon_unicorn,413,163,1-0,18,8,3,5,6,2
dragon_unicorn,414,191,1-0,10,6,2,4,4,2
dragon_unicorn,415,186,0-1,18,6,1,5,1,5
dragon_unicorn,416,133,1-0,21,9,4,5,7,2
dragon_unicorn,417,138,0-1,21,9,3,6,1,8
dragon_unicorn,418,139,1-0,19,7,2,5,6,1
dragon_unicorn,419,182,0-1,14,6,2,4,1,5
dragon_unicorn,420,129,1-0,23,9,3,6,7,2
dragon_unicorn,421,153,1-0,17,7,3,4,5,2
dragon_unicorn,422,157,1-0,20,8,3,5,5,3
dragon_unicorn,423,122,1/2-1/2,19,9,3,6,4,5
dragon_unicorn,424,128,0-1,18,8,3,5,2,6
dragon_unicorn,425,137,1-0,19,7,2,5,5,2
dragon_unicorn,426,175,1-0,15,7,3,4,5,2
dragon_unicorn,427,125,1-0,20,8,3,5,6,2
dragon_unicorn,428,110,1/2-1/2,26,16,10,6,8,8
dragon_unicorn,429,450,1/2-1/2,0,2,0,2,1,1
dragon_unicorn,430,175,1-0,17,7,2,5,5,2
dragon_unicorn,431,132,0-1,23,7,2,5,1,6
dragon_unicorn,432,147,1/2-1/2,2,4,2,2,2,2
dragon_unicorn,433,239,1/2-1/2,2,4,2,2,2,2
dragon_unicorn,434,142,0-1,16,8,4,4,2,6
dragon_unicorn,435,142,0-1,6,4,1,3,1,3
dragon_unicorn,436,110,0-1,13,9,5,4,3,6
dragon_unicorn,437,71,1-0,32,18,12,6,11,7
dragon_unicorn,438,163,1/2-1/2,12,6,2,4,3,3
dragon_unicorn,439,149,1-0,14,6,1,5,5,1
dragon_unicorn,440,97,1-0,38,14,6,8,8,6
dragon_unicorn,441,189,1/2-1/2,11,5,1,4,2,3
dragon_unicorn,442,151,1-0,20,8,3,5,6,2
dragon_unicorn,443,127,1-0,15,7,3,4,6,1
dragon_unicorn,444,205,1/2-1/2,12,6,2,4,3,3
dragon_unicorn,445,101,1-0,25,13,8,5,9,4
dragon_unicorn,446,218,1/2-1/2,12,10,6,4,5,5
dragon_unicorn,447,161,1-0,15,7,2,5,6,1
dragon_unicorn,448,77,1-0,34,16,9,7,10,6
dragon_unicorn,449,164,1/2-1/2,3,3,0,3,1,2
dragon_unicorn,450,111,1-0,41,15,6,9,11,4
dragon_unicorn,451,123,1-0,28,12,6,6,7,5
dragon_unicorn,452,34,0-1,73,25,11,14,12,13
dragon_unicorn,453,120,0-1,5,3,0,3,1,2
dragon_unicorn,454,46,0-1,63,23,10,13,8,15
dragon_unicorn,455,99,1-0,32,12,5,7,9,3
dragon_unicorn,456,97,1-0,29,13,6,7,9,4
dragon_unicorn,457,157,1-0,18,6,0,6,4,2
dragon_unicorn,458,170,0-1,25,13,8,5,5,8
dragon_unicorn,459,117,1-0,13,11,7,4,7,4
dragon_unicorn,460,139,1-0,17,5,0,5,4,1
dragon_unicorn,461,175,1-0,9,7,4,3,4,3
dragon_unicorn,462,162,1/2-1/2,0,2,0,2,1,1
dragon_unicorn,463,86,1/2-1/2,45,17,8,9,8,9
dragon_unicorn,464,155,1-0,12,4,0,4,3,1
dragon_unicorn,465,80,1/2-1/2,42,18,10,8,9,9
dragon_unicorn,466,106,0-1,25,11,5,6,3,8
dragon_unicorn,467,65,1-0,42,20,11,9,11,9
dragon_unicorn,468,101,1-0,14,10,6,4,8,2
dragon_unicorn,469,165,1-0,8,4,0,4,3,1
dragon_unicorn,470,85,1-0,65,23,9,14,13,10
dragon_unicorn,471,262,1/2-1/2,10,6,2,4,2,4
dragon_unicorn,472,152,0-1,23,7,1,6,2,5
dragon_unicorn,473,158,0-1,21,7,1,6,1,6
dragon_unicorn,474,190,1/2-1/2,65,17,4,13,8,9
dragon_unicorn,475,125,1-0,19,7,2,5,6,1
dragon_unicorn,476,143,1-0,10,6,2,4,5,1
dragon_unicorn,477,218,1/2-1/2,18,12,8,4,6,6
dragon_unicorn,478,169,1/2-1/2,0,2,0,2,1,1
dragon_unicorn,479,197,1-0,19,9,4,5,7,2
dragon_unicorn,480,119,1/2-1/2,20,10,4,6,5,5
dragon_unicorn,481,121,1-0,13,5,1,4,4,1
dragon_unicorn,482,207,1/2-1/2,20,10,5,5,6,4
dragon_unicorn,483,152,0-1,20,6,2,4,2,4
dragon_unicorn,484,366,1/2-1/2,7,5,1,4,3,2
dragon_unicorn,485,274,1/2-1/2,13,5,0,5,2,3
dragon_unicorn,486,174,0-1,21,11,6,5,4,7
dragon_unicorn,487,129,1-0,12,8,3,5,6,2
dragon_unicorn,488,159,1-0,8,6,3,3,5,1
dragon_unicorn,489,185,1-0,17,5,0,5,4,1
dragon_unicorn,490,127,1-0,18,8,3,5,7,1
dragon_unicorn,491,147,1-0,22,8,2,6,7,1
dragon_unicorn,492,113,1-0,25,13,8,5,10,3
dragon_unicorn,493,146,0-1,16,6,1,5,2,4
dragon_unicorn,494,75,1-0,57,19,6,13,10,9
dragon_unicorn,495,124,0-1,21,9,3,6,3,6
dragon_unicorn,496,97,1/2-1/2,24,10,5,5,5,5
dragon_unicorn,497,142,1/2-1/2,32,14,6,8,8,6
dragon_unicorn,498,178,1/2-1/2,9,5,1,4,3,2
dragon_unicorn,499,152,0-1,15,7,3,4,2,5
dragon_unicorn,500,115,1-0,11,5,2,3,4,1
dragon_unicorn,501,194,0-1,5,3,0,3,1,2
dragon_unicorn,502,147,1/2-1/2,45,17,8,9,8,9
dragon_unicorn,503,126,0-1,14,8,4,4,1,7
dragon_unicorn,504,112,0-1,27,11,6,5,3,8
dragon_unicorn,505,240,0-1,8,4,0,4,1,3
dragon_unicorn,506,139,1-0,24,10,4,6,8,2
dragon_unicorn,507,189,1-0,15,5,0,5,4,1
dragon_unicorn,508,318,1/2-1/2,3,3,0,3,2,1
dragon_unicorn,509,154,0-1,14,6,2,4,1,5
dragon_unicorn,510,127,1-0,11,7,3,4,6,1
dragon_unicorn,511,95,1-0,15,7,3,4,6,1
dragon_unicorn,512,265,1-0,5,3,0,3,2,1
dragon_unicorn,513,160,0-1,6,4,1,3,1,3
dragon_unicorn,514,56,0-1,44,20,10,10,8,12
dragon_unicorn,515,141,1/2-1/2,24,12,6,6,7,5
dragon_unicorn,516,213,1-0,17,9,5,4,7,2
dragon_unicorn,517,131,1-0,22,12,7,5,8,4
dragon_unicorn,518,161,1-0,18,6,1,5,5,1
dragon_unicorn,519,81,1-0,24,14,9,5,9,5
dragon_unicorn,520,251,1-0,17,7,2,5,6,1
dragon_unicorn,521,175,1-0,20,8,2,6,7,1
dragon_unicorn,522,122,0-1,26,10,3,7,2,8
dragon_unicorn,523,107,1-0,26,12,5,7,9,3
dragon_unicorn,524,172,0-1,10,4,0,4,1,3
dragon_unicorn,525,171,1-0,8,4,0,4,3,1
dragon_unicorn,526,199,1-0,18,6,1,5,5,1
dragon_unicorn,527,355,1/2-1/2,9,7,3,4,4,3
dragon_unicorn,528,160,0-1,22,6,1,5,1,5
dragon_unicorn,529,115,1-0,15,7,3,4,5,2
dragon_unicorn,530,220,1/2-1/2,10,4,0,4,2,2
dragon_unicorn,531,206,0-1,16,6,1,5,1,5
dragon_unicorn,532,98,0-1,26,14,7,7,5,9
dragon_unicorn,533,74,1/2-1/2,45,17,8,9,9,8
dragon_unicorn,534,147,1-0,17,7,3,4,5,2
dragon_unicorn,535,116,0-1,33,17,10,7,4,13
dragon_unicorn,536,145,1-0,33,13,6,7,10,3
dragon_unicorn,537,435,1/2-1/2,17,15,11,4,8,7
dragon_unicorn,538,161,1-0,19,5,1,4,3,2
dragon_unicorn,539,97,1-0,30,14,7,7,11,3
dragon_unicorn,540,158,0-1,21,9,4,5,1,8
dragon_unicorn,541,122,0-1,19,9,4,5,2,7
dragon_unicorn,542,70,0-1,26,14,8,6,4,10
dragon_unicorn,543,168,0-1,10,4,0,4,1,3
dragon_unicorn,544,119,1-0,22,10,5,5,8,2
dragon_unicorn,545,136,1/2-1/2,15,9,5,4,4,5
dragon_unicorn,546,189,1-0,34,14,7,7,10,4
dragon_unicorn,547,211,1/2-1/2,3,3,0,3,1,2
dragon_unicorn,548,101,1-0,42,16,8,8,10,6
dragon_unicorn,549,161,1/2-1/2,15,7,2,5,4,3
dragon_unicorn,550,57,1-0,41,17,8,9,10,7
dragon_unicorn,551,137,1-0,24,10,4,6,8,2
dragon_unicorn,552,125,1-0,16,8,4,4,6,2
dragon_unicorn,553,83,1-0,18,12,7,5,9,3
dragon_unicorn,554,90,0-1,38,12,4,8,4,8
dragon_unicorn,555,158,0-1,8,4,0,4,1,3
dragon_unicorn,556,134,0-1,40,14,6,8,7,7
dragon_unicorn,557,224,0-1,19,7,2,5,1,6
dragon_unicorn,558,260,0-1,25,11,5,6,4,7
dragon_unicorn,559,80,0-1,22,10,5,5,3,7
dragon_unicorn,560,108,0-1,24,14,8,6,6,8
dragon_unicorn,561,386,1/2-1/2,6,4,0,4,2,2
dragon_unicorn,562,131,1-0,20,8,3,5,6,2
dragon_unicorn,563,71,1/2-1/2,76,26,11,15,12,14
dragon_unicorn,564,131,1/2-1/2,22,10,4,6,6,4
dragon_unicorn,565,65,1-0,55,21,11,10,12,9
dragon_unicorn,566,111,1-0,17,9,5,4,8,1
dragon_unicorn,567,181,1-0,8,4,0,4,3,1
dragon_unicorn,568,109,1-0,11,5,1,4,4,1
dragon_unicorn,569,327,1/2-1/2,3,3,0,3,2,1
dragon_unicorn,570,127,1-0,33,15,8,7,8,7
dragon_unicorn,571,135,1-0,21,9,3,6,8,1
dragon_unicorn,572,182,1/2-1/2,15,7,2,5,3,4
dragon_unicorn,573,105,1-0,15,9,6,3,6,3
dragon_unicorn,574,135,1-0,20,8,3,5,7,1
dragon_unicorn,575,148,0-1,33,15,9,6,6,9
dragon_unicorn,576,139,1-0,26,12,6,6,8,4
dragon_unicorn,577,175,1-0,18,6,1,5,4,2
dragon_unicorn,578,129,1-0,22,8,2,6,7,1
dragon_unicorn,579,149,1/2-1/2,47,13,3,10,6,7
dragon_unicorn,580,219,1-0,19,7,2,5,5,2
dragon_unicorn,581,230,0-1,25,9,4,5,3,6
dragon_unicorn,582,131,1-0,20,6,0,6,5,1
dragon_unicorn,583,241,1/2-1/2,7,5,1,4,3,2
dragon_unicorn,584,192,0-1,7,5,2,3,1,4
dragon_unicorn,585,115,1-0,15,11,7,4,6,5
dragon_unicorn,586,113,1-0,20,6,1,5,5,1
dragon_unicorn,587,193,1-0,21,9,3,6,7,2
dragon_unicorn,588,126,1/2-1/2,33,11,5,6,6,5
dragon_unicorn,589,83,1-0,24,14,9,5,8,6
dragon_unicorn,590,179,1-0,19,9,4,5,7,2
dragon_unicorn,591,106,0-1,23,11,5,6,3,8
dragon_unicorn,592,125,1/2-1/2,23,11,5,6,6,5
dragon_unicorn,593,181,1-0,16,6,1,5,5,1
dragon_unicorn,594,95,1-0,27,15,10,5,9,6
dragon_unicorn,595,114,0-1,20,8,3,5,2,6
dragon_unicorn,596,105,1-0,37,13,5,8,9,4
dragon_unicorn,597,116,0-1,15,9,6,3,3,6
dragon_unicorn,598,106,1/2-1/2,23,15,9,6,8,7
dragon_unicorn,599,72,0-1,32,16,11,5,7,9
dragon_unicorn,600,115,1-0,22,10,5,5,8,2
dragon_unicorn,601,127,1/2-1/2,32,14,7,7,7,7
dragon_unicorn,602,88,0-1,47,17,7,10,5,12
dragon_unicorn,603,117,1-0,23,7,2,5,6,1
dragon_unicorn,604,191,1/2-1/2,10,4,0,4,2,2
dragon_unicorn,605,123,1-0,19,7,2,5,6,1
dragon_unicorn,606,188,0-1,19,7,2,5,1,6
dragon_unicorn,607,185,1/2-1/2,20,6,2,4,3,3
dragon_unicorn,608,131,1-0,22,10,4,6,8,2
dragon_unicorn,609,115,1-0,26,12,6,6,10,2
dragon_unicorn,610,114,0-1,38,14,5,9,5,9
dragon_unicorn,611,69,1-0,37,17,10,7,10,7
dragon_unicorn,612,155,1-0,12,8,4,4,6,2
dragon_unicorn,613,160,0-1,17,5,0,5,1,4
dragon_unicorn,614,145,1-0,25,9,3,6,7,2
dragon_unicorn,615,167,1-0,19,7,2,5,6,1
dragon_unicorn,616,120,0-1,25,13,8,5,5,8
dragon_unicorn,617,263,1-0,25,15,10,5,9,6
dragon_unicorn,618,142,0-1,17,7,2,5,1,6
dragon_unicorn,619,167,1-0,19,5,1,4,4,1
dragon_unicorn,620,152,0-1,12,8,4,4,3,5
dragon_unicorn,621,177,1-0,27,9,3,6,7,2
dragon_unicorn,622,125,1-0,31,11,5,6,7,4
dragon_unicorn,623,138,0-1,15,7,3,4,2,5
dragon_unicorn,624,129,1/2-1/2,38,14,6,8,8,6
dragon_unicorn,625,67,1-0,34,16,10,6,9,7
dragon_unicorn,626,81,1-0,75,25,11,14,13,12
dragon_unicorn,627,141,1-0,16,6,1,5,5,1
dragon_unicorn,628,110,0-1,31,13,7,6,4,9
dragon_unicorn,629,127,1-0,9,7,3,4,6,1
dragon_unicorn,630,148,0-1,23,11,6,5,4,7
dragon_unicorn,631,78,1/2-1/2,29,15,7,8,8,7
dragon_unicorn,632,134,1/2-1/2,12,6,2,4,3,3
dragon_unicorn,633,92,1/2-1/2,51,23,13,10,11,12
dragon_unicorn,634,158,1/2-1/2,0,2,0,2,1,1
dragon_unicorn,635,94,0-1,28,12,5,7,3,9
dragon_unicorn,636,111,1-0,27,11,6,5,7,4
dragon_unicorn,637,149,1-0,13,5,1,4,4,1
dragon_unicorn,638,170,0-1,16,6,2,4,1,5
dragon_unicorn,639,87,1-0,21,11,6,5,8,3
dragon_unicorn,640,282,0-1,10,4,1,3,1,3
dragon_unicorn,641,238,0-1,19,9,4,5,1,8
dragon_unicorn,642,142,0-1,11,9,6,3,3,6
dragon_unicorn,643,139,1-0,8,6,3,3,4,2
dragon_unicorn,644,71,1-0,43,19,10,9,11,8
dragon_unicorn,645,109,1-0,22,10,5,5,8,2
dragon_unicorn,646,137,1-0,25,9,3,6,7,2
dragon_unicorn,647,136,0-1,15,5,0,5,1,4
dragon_unicorn,648,86,0-1,25,13,8,5,4,9
dragon_unicorn,649,170,0-1,11,5,0,5,1,4
dragon_unicorn,650,208,0-1,5,3,0,3,1,2
dragon_unicorn,651,215,1-0,16,6,1,5,4,2
dragon_unicorn,652,122,1/2-1/2,27,11,6,5,6,5
dragon_unicorn,653,135,1-0,15,7,3,4,4,3
dragon_unicorn,654,71,1-0,39,17,8,9,13,4
dragon_unicorn,655,97,1-0,15,9,5,4,8,1
dragon_unicorn,656,161,1-0,21,7,1,6,6,1
dragon_unicorn,657,107,1-0,34,16,9,7,11,5
dragon_unicorn,658,194,0-1,13,5,1,4,1,4
dragon_unicorn,659,96,0-1,28,12,6,6,4,8
dragon_unicorn,660,131,1/2-1/2,15,9,5,4,5,4
dragon_unicorn,661,97,1-0,20,12,8,4,7,5
dragon_unicorn,662,127,1-0,21,9,3,6,7,2
dragon_unicorn,663,163,1-0,12,4,0,4,3,1
dragon_unicorn,664,91,1-0,21,11,5,6,8,3
dragon_unicorn,665,103,1-0,22,10,5,5,8,2
dragon_unicorn,666,151,1-0,17,5,0,5,4,1
dragon_unicorn,667,146,0-1,12,4,0,4,1,3
dragon_unicorn,668,91,1-0,28,16,10,6,10,6
dragon_unicorn,669,142,0-1,12,6,3,3,2,4
dragon_unicorn,670,125,1-0,20,8,3,5,6,2
dragon_unicorn,671,132,0-1,18,8,3,5,2,6
dragon_unicorn,672,105,1-0,19,9,4,5,7,2
dragon_unicorn,673,114,0-1,19,9,5,4,2,7
dragon_unicorn,674,156,1/2-1/2,10,4,0,4,2,2
dragon_unicorn,675,165,1-0,16,6,1,5,5,1
dragon_unicorn,676,131,1-0,30,14,7,7,9,5
dragon_unicorn,677,127,1-0,27,11,4,7,9,2
dragon_unicorn,678,192,1/2-1/2,8,10,8,2,5,5
dragon_unicorn,679,135,1-0,19,9,4,5,8,1
dragon_unicorn,680,167,1-0,17,7,2,5,5,2
dragon_unicorn,681,125,1-0,24,12,6,6,9,3
dragon_unicorn,682,162,1/2-1/2,21,9,3,6,5,4
dragon_unicorn,683,113,1-0,25,9,4,5,8,1
dragon_unicorn,684,244,1/2-1/2,0,2,0,2,1,1
dragon_unicorn,685,200,0-1,26,10,5,5,2,8
dragon_unicorn,686,179,1-0,18,6,1,5,5,1
dragon_unicorn,687,159,1-0,20,8,3,5,6,2
dragon_unicorn,688,121,1-0,17,5,0,5,4,1
dragon_unicorn,689,128,0-1,14,6,2,4,1,5
dragon_unicorn,690,155,1/2-1/2,22,8,3,5,4,4
dragon_unicorn,691,123,1-0,28,10,3,7,5,5
dragon_unicorn,692,104,0-1,29,15,9,6,4,11
dragon_unicorn,693,119,1-0,24,12,6,6,9,3
dragon_unicorn,694,149,1-0,16,6,1,5,5,1
dragon_unicorn,695,120,0-1,24,10,4,6,3,7
dragon_unicorn,696,137,1-0,15,5,0,5,4,1
dragon_unicorn,697,147,1-0,19,7,2,5,5,2
dragon_unicorn,698,97,1-0,33,15,9,6,9,6
dragon_unicorn,699,148,1/2-1/2,36,18,12,6,9,9
dragon_unicorn,700,131,1-0,21,9,4,5,5,4
dragon_unicorn,701,121,1/2-1/2,34,14,8,6,7,7
dragon_unicorn,702,103,1-0,22,10,4,6,7,3
dragon_unicorn,703,92,0-1,54,18,8,10,5,13
dragon_unicorn,704,101,1-0,27,11,4,7,9,2
dragon_unicorn,705,126,0-1,38,14,7,7,4,10
dragon_unicorn,706,96,0-1,37,13,6,7,6,7
dragon_unicorn,707,125,1-0,21,7,3,4,5,2
dragon_unicorn,708,135,1-0,19,7,2,5,6,1
dragon_unicorn,709,144,1/2-1/2,22,12,7,5,4,8
dragon_unicorn,710,77,1/2-1/2,47,19,10,9,10,9
dragon_unicorn,711,127,1-0,22,10,5,5,7,3
dragon_unicorn,712,133,1-0,17,7,2,5,5,2
dragon_unicorn,713,204,0-1,21,9,4,5,3,6
dragon_unicorn,714,127,1-0,12,8,4,4,7,1
dragon_unicorn,715,210,1/2-1/2,0,2,0,2,1,1
dragon_unicorn,716,144,0-1,19,9,4,5,2,7
dragon_unicorn,717,119,1-0,15,9,4,5,7,2
dragon_unicorn,718,93,1-0,22,12,7,5,7,5
dragon_unicorn,719,233,1-0,25,13,7,6,8,5
dragon_unicorn,720,113,1/2-1/2,11,5,1,4,3,2
dragon_unicorn,721,211,1-0,7,5,1,4,4,1
dragon_unicorn,722,280,1/2-1/2,3,3,0,3,1,2
dragon_unicorn,723,70,0-1,37,17,10,7,7,10
dragon_unicorn,724,295,1/2-1/2,10,4,0,4,2,2
dragon_unicorn,725,152,1/2-1/2,0,2,0,2,1,1
dragon_unicorn,726,76,0-1,24,14,9,5,5,9
dragon_unicorn,727,51,1/2-1/2,92,30,12,18,14,16
dragon_unicorn,728,226,1/2-1/2,17,15,11,4,8,7
dragon_unicorn,729,179,1-0,18,4,0,4,3,1
dragon_unicorn,730,291,1-0,27,7,0,7,6,1
dragon_unicorn,731,103,1-0,31,15,8,7,10,5
dragon_unicorn,732,147,1-0,13,7,4,3,6,1
dragon_unicorn,733,305,1/2-1/2,3,3,0,3,2,1
dragon_unicorn,734,287,1/2-1/2,5,5,2,3,2,3
dragon_unicorn,735,128,0-1,13,7,4,3,3,4
dragon_unicorn,736,207,1/2-1/2,20,6,2,4,3,3
dragon_unicorn,737,101,1-0,50,20,12,8,11,9
dragon_unicorn,738,130,1/2-1/2,2,4,2,2,2,2
dragon_unicorn,739,146,0-1,26,14,9,5,6,8
dragon_unicorn,740,132,0-1,23,9,3,6,2,7
dragon_unicorn,741,73,1-0,43,21,11,10,10,11
dragon_unicorn,742,97,1-0,20,12,8,4,9,3
dragon_unicorn,743,172,0-1,11,7,3,4,1,6
dragon_unicorn,744,189,1/2-1/2,21,7,3,4,3,4
dragon_unicorn,745,95,1-0,31,15,8,7,11,4
dragon_unicorn,746,105,1-0,18,10,6,4,8,2
dragon_unicorn,747,161,1-0,24,8,1,7,6,2
dragon_unicorn,748,124,0-1,23,7,2,5,2,5
dragon_unicorn,749,138,0-1,17,9,5,4,3,6
dragon_unicorn,750,121,1-0,16,10,5,5,7,3
dragon_unicorn,751,141,1-0,14,6,2,4,3,3
dragon_unicorn,752,115,1-0,15,7,3,4,6,1
dragon_unicorn,753,128,0-1,13,7,4,3,2,5
dragon_unicorn,754,160,0-1,14,6,2,4,2,4
dragon_unicorn,755,140,0-1,18,8,3,5,2,6
dragon_unicorn,756,141,1-0,18,8,3,5,7,1
dragon_unicorn,757,152,0-1,16,6,1,5,1,5
dragon_unicorn,758,153,1-0,13,9,5,4,6,3
dragon_unicorn,759,101,1-0,31,13,7,6,8,5
dragon_unicorn,760,136,0-1,23,11,6,5,4,7
dragon_unicorn,761,133,1-0,14,6,2,4,5,1
dragon_unicorn,762,202,1/2-1/2,3,3,0,3,1,2
dragon_unicorn,763,180,0-1,11,7,3,4,2,5
dragon_unicorn,764,146,0-1,19,9,4,5,3,6
dragon_unicorn,765,109,1-0,24,12,6,6,9,3
dragon_unicorn,766,153,1-0,24,8,3,5,4,4
dragon_unicorn,767,101,1-0,59,19,8,11,9,10
dragon_unicorn,768,388,0-1,15,5,0,5,1,4
dragon_unicorn,769,171,1-0,25,9,3,6,7,2
dragon_unicorn,770,156,0-1,19,11,7,4,4,7
dragon_unicorn,771,101,1-0,30,12,6,6,9,3
dragon_unicorn,772,109,1-0,19,9,4,5,7,2
dragon_unicorn,773,176,0-1,14,6,1,5,2,4
dragon_unicorn,774,148,0-1,22,8,2,6,2,6
dragon_unicorn,775,88,1/2-1/2,20,14,10,4,7,7
dragon_unicorn,776,137,1-0,29,9,2,7,8,1
dragon_unicorn,777,141,1-0,13,7,4,3,5,2
dragon_unicorn,778,195,1-0,5,3,0,3,2,1
dragon_unicorn,779,84,0-1,35,15,7,8,8,7
dragon_unicorn,780,66,0-1,49,19,9,10,8,11
dragon_unicorn,781,145,1-0,23,11,5,6,8,3
dragon_unicorn,782,163,1-0,18,6,1,5,5,1
dragon_unicorn,783,155,1-0,26,10,4,6,7,3
dragon_unicorn,784,360,1/2-1/2,13,7,3,4,4,3
dragon_unicorn,785,163,1-0,15,7,3,4,4,3
dragon_unicorn,786,188,0-1,13,5,1,4,1,4
dragon_unicorn,787,118,0-1,29,13,8,5,4,9
dragon_unicorn,788,132,0-1,23,9,3,6,2,7
dragon_unicorn,789,307,1/2-1/2,3,3,0,3,1,2
dragon_unicorn,790,252,0-1,5,3,0,3,1,2
dragon_unicorn,791,138,0-1,22,8,2,6,2,6
dragon_unicorn,792,232,0-1,12,4,0,4,1,3
dragon_unicorn,793,130,0-1,21,9,3,6,2,7
dragon_unicorn,794,91,1-0,16,12,8,4,8,4
dragon_unicorn,795,69,1-0,37,17,8,9,10,7
dragon_unicorn,796,143,1-0,16,6,1,5,5,1
dragon_unicorn,797,107,1-0,16,8,4,4,6,2
dragon_unicorn,798,222,1/2-1/2,8,4,0,4,2,2
dragon_unicorn,799,209,1-0,12,6,2,4,4,2
dragon_unicorn,800,74,0-1,47,19,9,10,8,11
dragon_unicorn,801,85,1-0,26,14,9,5,8,6
dragon_unicorn,802,133,1-0,19,11,7,4,7,4
dragon_unicorn,803,93,1-0,27,11,5,6,7,4
dragon_unicorn,804,97,1-0,22,10,5,5,8,2
dragon_unicorn,805,114,1/2-1/2,54,20,10,10,10,10
dragon_unicorn,806,142,0-1,17,9,5,4,3,6
dragon_unicorn,807,125,1-0,33,13,5,8,10,3
dragon_unicorn,808,107,1-0,20,10,5,5,9,1
dragon_unicorn,809,161,1-0,5,3,0,3,2,1
dragon_unicorn,810,120,0-1,16,6,1,5,1,5
dragon_unicorn,811,93,1-0,19,9,5,4,6,3
dragon_unicorn,812,146,1/2-1/2,3,3,0,3,1,2
dragon_unicorn,813,176,0-1,17,5,0,5,1,4
dragon_unicorn,814,125,1-0,11,7,3,4,6,1
dragon_unicorn,815,179,1-0,16,6,1,5,5,1
dragon_unicorn,816,145,1/2-1/2,2,4,2,2,2,2
dragon_unicorn,817,198,0-1,10,4,1,3,1,3
dragon_unicorn,818,118,1/2-1/2,3,3,0,3,2,1
dragon_unicorn,819,153,1-0,15,5,0,5,4,1
dragon_unicorn,820,135,1-0,25,9,4,5,7,2
dragon_unicorn,821,145,1-0,26,12,5,7,8,4
dragon_unicorn,822,127,1-0,20,10,6,4,7,3
dragon_unicorn,823,181,1/2-1/2,3,3,0,3,1,2
dragon_unicorn,824,211,1-0,29,7,0,7,6,1
dragon_unicorn,825,152,0-1,17,7,2,5,1,6
dragon_unicorn,826,140,0-1,18,8,3,5,1,7
dragon_unicorn,827,160,0-1,22,8,2,6,2,6
dragon_unicorn,828,59,1-0,60,24,12,12,14,10
dragon_unicorn,829,329,1/2-1/2,77,27,13,14,13,14
dragon_unicorn,830,85,1-0,34,16,8,8,10,6
dragon_unicorn,831,295,1/2-1/2,6,4,0,4,2,2
dragon_unicorn,832,175,1/2-1/2,11,7,3,4,4,3
dragon_unicorn,833,153,1/2-1/2,9,7,3,4,3,4
dragon_unicorn,834,260,1/2-1/2,13,5,0,5,2,3
dragon_unicorn,835,154,0-1,19,7,1,6,1,6
dragon_unicorn,836,132,0-1,14,8,3,5,1,7
dragon_unicorn,837,135,1-0,23,7,1,6,6,1
dragon_unicorn,838,113,1/2-1/2,16,10,6,4,5,5
dragon_unicorn,839,152,0-1,9,7,4,3,2,5
dragon_unicorn,840,147,1-0,18,8,3,5,6,2
dragon_unicorn,841,244,0-1,18,6,0,6,1,5
dragon_unicorn,842,174,0-1,15,7,3,4,1,6
dragon_unicorn,843,245,1/2-1/2,8,6,2,4,4,2
dragon_unicorn,844,130,0-1,37,13,5,8,4,9
dragon_unicorn,845,132,0-1,28,10,4,6,2,8
dragon_unicorn,846,123,1-0,35,11,3,8,8,3
dragon_unicorn,847,128,0-1,20,10,5,5,2,8
dragon_unicorn,848,162,0-1,23,7,2,5,1,6
dragon_unicorn,849,94,0-1,25,13,8,5,3,10
dragon_unicorn,850,165,1-0,18,8,3,5,6,2
dragon_unicorn,851,136,0-1,18,10,6,4,4,6
dragon_unicorn,852,163,1-0,15,5,0,5,4,1
dragon_unicorn,853,97,1-0,16,12,8,4,8,4
dragon_unicorn,854,121,1-0,25,11,4,7,9,2
dragon_unicorn,855,131,1-0,19,7,2,5,5,2
dragon_unicorn,856,155,1-0,15,5,1,4,4,1
dragon_unicorn,857,131,1-0,18,10,6,4,6,4
dragon_unicorn,858,142,0-1,10,8,5,3,2,6
dragon_unicorn,859,110,0-1,24,12,7,5,3,9
dragon_unicorn,860,80,0-1,22,12,7,5,5,7
dragon_unicorn,861,191,1/2-1/2,15,11,6,5,5,6
dragon_unicorn,862,157,1-0,19,9,4,5,7,2
dragon_unicorn,863,161,1-0,25,13,8,5,8,5
dragon_unicorn,864,78,0-1,54,20,10,10,10,10
dragon_unicorn,865,172,0-1,17,7,2,5,1,6
dragon_unicorn,866,138,0-1,15,5,0,5,1,4
dragon_unicorn,867,61,1/2-1/2,35,15,7,8,9,6
dragon_unicorn,868,147,1-0,11,5,2,3,4,1
dragon_unicorn,869,137,1-0,7,5,2,3,4,1
dragon_unicorn,870,115,1-0,29,11,4,7,7,4
dragon_unicorn,871,98,0-1,34,14,7,7,5,9
dragon_unicorn,872,185,1-0,14,10,6,4,7,3
dragon_unicorn,873,110,0-1,24,10,4,6,4,6
dragon_unicorn,874,198,1/2-1/2,19,7,2,5,2,5
dragon_unicorn,875,161,1-0,19,11,7,4,7,4
dragon_unicorn,876,122,0-1,17,9,4,5,3,6
dragon_unicorn,877,121,1-0,19,9,4,5,8,1
dragon_unicorn,878,52,0-1,59,23,12,11,9,14
dragon_unicorn,879,129,1-0,20,8,2,6,6,2
dragon_unicorn,880,115,1-0,19,11,7,4,7,4
dragon_unicorn,881,102,0-1,26,10,4,6,4,6
dragon_unicorn,882,122,1/2-1/2,47,17,8,9,8,9
dragon_unicorn,883,229,1-0,19,7,2,5,6,1
dragon_unicorn,884,119,1/2-1/2,14,12,8,4,6,6
dragon_unicorn,885,119,1-0,25,13,8,5,7,6
dragon_unicorn,886,180,0-1,8,4,0,4,1,3
dragon_unicorn,887,148,0-1,24,10,4,6,2,8
dragon_unicorn,888,202,0-1,24,10,4,6,2,8
dragon_unicorn,889,143,1-0,13,5,1,4,4,1
dragon_unicorn,890,131,1-0,16,6,1,5,5,1
dragon_unicorn,891,141,1-0,13,5,1,4,4,1
dragon_unicorn,892,87,1-0,28,12,6,6,8,4
dragon_unicorn,893,146,0-1,17,7,2,5,1,6
dragon_unicorn,894,69,1-0,31,15,9,6,11,4
dragon_unicorn,895,129,1-0,16,10,5,5,7,3
dragon_unicorn,896,101,1-0,19,9,4,5,8,1
dragon_unicorn,897,106,0-1,30,12,5,7,3,9
dragon_unicorn,898,118,0-1,22,12,7,5,4,8
dragon_unicorn,899,258,0-1,18,8,3,5,2,6
dragon_unicorn,900,114,0-1,33,13,5,8,4,9
dragon_unicorn,901,145,1-0,9,5,1,4,4,1
dragon_unicorn,902,197,1-0,11,7,2,5,6,1
dragon_unicorn,903,130,1/2-1/2,0,2,0,2,1,1
dragon_unicorn,904,170,0-1,17,5,0,5,1,4
dragon_unicorn,905,145,1-0,16,10,5,5,9,1
dragon_unicorn,906,119,1-0,19,9,4,5,6,3
dragon_unicorn,907,121,1-0,18,8,4,4,6,2
dragon_unicorn,908,76,0-1,39,17,9,8,6,11
dragon_unicorn,909,225,1-0,23,13,8,5,9,4
dragon_unicorn,910,117,1-0,20,8,3,5,7,1
dragon_unicorn,911,111,1-0,15,9,4,5,7,2
dragon_unicorn,912,228,1/2-1/2,0,2,0,2,1,1
dragon_unicorn,913,132,0-1,52,22,12,10,11,11
dragon_unicorn,914,181,1-0,9,3,0,3,2,1
dragon_unicorn,915,154,0-1,19,7,2,5,2,5
dragon_unicorn,916,250,0-1,5,3,0,3,1,2
dragon_unicorn,917,153,1-0,16,8,4,4,6,2
dragon_unicorn,918,99,1/2-1/2,22,12,6,6,6,6
dragon_unicorn,919,143,1-0,24,10,4,6,8,2
dragon_unicorn,920,158,0-1,15,7,3,4,3,4
dragon_unicorn,921,157,1-0,19,7,1,6,6,1
dragon_unicorn,922,149,1-0,11,5,2,3,3,2
dragon_unicorn,923,225,1-0,15,5,1,4,4,1
dragon_unicorn,924,133,1-0,16,8,4,4,6,2
dragon_unicorn,925,58,1/2-1/2,81,27,13,14,14,13
dragon_unicorn,926,308,1/2-1/2,75,29,13,16,14,15
dragon_unicorn,927,128,0-1,21,9,4,5,2,7
dragon_unicorn,928,167,1-0,10,4,1,3,2,2
dragon_unicorn,929,127,1-0,16,10,6,4,7,3
dragon_unicorn,930,95,1/2-1/2,40,16,7,9,9,7
dragon_unicorn,931,84,1/2-1/2,24,16,10,6,9,7
dragon_unicorn,932,83,1-0,34,16,9,7,10,6
dragon_unicorn,933,92,0-1,26,10,4,6,4,6
dragon_unicorn,934,140,0-1,21,7,3,4,3,4
dragon_unicorn,935,168,0-1,23,7,1,6,2,5
dragon_unicorn,936,172,0-1,13,5,1,4,1,4
dragon_unicorn,937,123,1-0,12,6,1,5,5,1
dragon_unicorn,938,103,1-0,31,15,8,7,8,7
dragon_unicorn,939,147,1-0,19,7,2,5,6,1
dragon_unicorn,940,107,1-0,18,10,6,4,7,3
dragon_unicorn,941,147,1-0,17,7,2,5,5,2
dragon_unicorn,942,102,0-1,27,13,7,6,3,10
dragon_unicorn,943,159,1-0,12,8,4,4,7,1
dragon_unicorn,944,152,0-1,14,8,3,5,2,6
dragon_unicorn,945,254,1/2-1/2,63,25,12,13,13,12
dragon_unicorn,946,124,0-1,23,7,2,5,1,6
dragon_unicorn,947,151,1-0,37,13,7,6,8,5
dragon_unicorn,948,125,1-0,42,14,6,8,7,7
dragon_unicorn,949,111,1-0,14,8,4,4,6,2
dragon_unicorn,950,93,1-0,22,10,5,5,7,3
dragon_unicorn,951,149,1-0,30,14,7,7,8,6
dragon_unicorn,952,131,1-0,39,15,7,8,9,6
dragon_unicorn,953,109,1-0,18,8,3,5,7,1
dragon_unicorn,954,141,1-0,22,8,2,6,7,1
dragon_unicorn,955,197,1-0,6,4,0,4,3,1
dragon_unicorn,956,227,1/2-1/2,11,5,1,4,3,2
dragon_unicorn,957,88,0-1,22,10,4,6,3,7
dragon_unicorn,958,148,0-1,16,6,1,5,1,5
dragon_unicorn,959,107,1-0,21,11,7,4,8,3
dragon_unicorn,960,57,1/2-1/2,81,25,8,17,12,13
dragon_unicorn,961,113,1-0,16,12,8,4,8,4
dragon_unicorn,962,151,1-0,24,8,1,7,6,2
dragon_unicorn,963,130,0-1,21,7,1,6,2,5
dragon_unicorn,964,300,1/2-1/2,8,4,0,4,3,1
dragon_unicorn,965,179,1-0,6,4,1,3,3,1
dragon_unicorn,966,131,1-0,17,9,5,4,6,3
dragon_unicorn,967,157,1-0,15,7,3,4,6,1
dragon_unicorn,968,133,1-0,18,6,1,5,5,1
dragon_unicorn,969,56,0-1,80,26,12,14,12,14
dragon_unicorn,970,141,1-0,9,5,1,4,4,1
dragon_unicorn,971,150,0-1,21,5,0,5,1,4
dragon_unicorn,972,158,0-1,19,7,2,5,1,6
dragon_unicorn,973,244,0-1,26,10,5,5,3,7
dragon_unicorn,974,141,1-0,9,5,1,4,4,1
dragon_unicorn,975,131,1-0,25,9,2,7,7,2
dragon_unicorn,976,236,1/2-1/2,3,3,0,3,1,2
dragon_unicorn,977,217,1-0,15,5,0,5,4,1
dragon_unicorn,978,260,1/2-1/2,26,10,5,5,5,5
dragon_unicorn,979,101,1-0,31,11,3,8,9,2
dragon_unicorn,980,250,1/2-1/2,13,7,2,5,3,4
dragon_unicorn,981,241,1/2-1/2,13,7,3,4,4,3
dragon_unicorn,982,101,1-0,27,11,4,7,8,3
dragon_unicorn,983,97,1-0,30,14,8,6,9,5
dragon_unicorn,984,121,1-0,20,10,5,5,7,3
dragon_unicorn,985,75,1-0,31,13,7,6,11,2
dragon_unicorn,986,141,1-0,16,8,3,5,7,1
dragon_unicorn,987,180,0-1,17,5,0,5,1,4
dragon_unicorn,988,101,1-0,16,8,4,4,6,2
dragon_unicorn,989,94,0-1,28,14,7,7,5,9
dragon_unicorn,990,138,0-1,18,10,6,4,2,8
dragon_unicorn,991,113,1-0,29,11,4,7,8,3
dragon_unicorn,992,184,0-1,13,5,1,4,1,4
dragon_unicorn,993,144,0-1,14,8,5,3,3,5
dragon_unicorn,994,131,1-0,22,12,8,4,8,4
dragon_unicorn,995,146,0-1,30,12,6,6,4,8
dragon_unicorn,996,138,0-1,23,9,3,6,2,7
dragon_unicorn,997,151,1-0,23,13,8,5,9,4
dragon_unicorn,998,41,1-0,85,27,11,16,14,13
dragon_unicorn,999,129,1-0,12,8,4,4,7,1
dragon_unicorn,1000,58,1/2-1/2,66,26,12,14,12,14
dragon_unicorn,1001,162,0-1,16,6,1,5,1,5
dragon_unicorn,1002,102,0-1,31,13,7,6,4,9
dragon_unicorn,1003,85,1-0,35,15,8,7,11,4
dragon_unicorn,1004,148,0-1,22,8,2,6,1,7
dragon_unicorn,1005,110,0-1,20,10,6,4,2,8
dragon_unicorn,1006,152,0-1,15,7,3,4,2,5
dragon_unicorn,1007,101,1-0,14,10,6,4,8,2
dragon_unicorn,1008,123,1-0,21,9,3,6,8,1
dragon_unicorn,1009,119,1-0,18,12,7,5,9,3
dragon_unicorn,1010,166,0-1,17,9,5,4,1,8
dragon_unicorn,1011,125,1-0,15,9,4,5,6,3
dragon_unicorn,1012,130,0-1,20,10,5,5,2,8
dragon_unicorn,1013,213,1-0,12,4,0,4,3,1
dragon_unicorn,1014,252,1/2-1/2,8,6,2,4,3,3
dragon_unicorn,1015,61,1/2-1/2,64,22,10,12,11,11
dragon_unicorn,1016,214,0-1,15,5,0,5,1,4
dragon_unicorn,1017,178,0-1,24,12,7,5,4,8
dragon_unicorn,1018,125,1-0,25,13,7,6,9,4
dragon_unicorn,1019,158,1/2-1/2,27,9,3,6,5,4
dragon_unicorn,1020,121,1-0,18,10,6,4,6,4
dragon_unicorn,1021,103,1-0,18,12,8,4,9,3
dragon_unicorn,1022,129,1/2-1/2,10,12,10,2,6,6
dragon_unicorn,1023,169,1-0,21,7,1,6,6,1
dragon_unicorn,1024,136,0-1,11,5,1,4,1,4
dragon_unicorn,1025,140,0-1,14,6,2,4,1,5
dragon_unicorn,1026,135,1-0,22,12,7,5,8,4
dragon_unicorn,1027,159,1-0,14,8,4,4,6,2
dragon_unicorn,1028,162,0-1,20,6,0,6,1,5
dragon_unicorn,1029,126,0-1,7,5,2,3,1,4
dragon_unicorn,1030,216,0-1,12,4,0,4,1,3
dragon_unicorn,1031,191,1-0,20,10,5,5,6,4
dragon_unicorn,1032,77,1-0,44,20,11,9,10,10
dragon_unicorn,1033,203,1-0,5,3,0,3,2,1
dragon_unicorn,1034,69,1-0,32,16,9,7,8,8
dragon_unicorn,1035,93,1-0,17,9,5,4,6,3
dragon_unicorn,1036,177,1-0,9,3,0,3,2,1
dragon_unicorn,1037,207,1-0,8,4,0,4,3,1
dragon_unicorn,1038,146,0-1,15,5,1,4,1,4
dragon_unicorn,1039,75,1-0,30,16,10,6,11,5
dragon_unicorn,1040,109,1-0,16,8,4,4,6,2
dragon_unicorn,1041,215,1-0,14,6,2,4,5,1
dragon_unicorn,1042,100,0-1,19,11,5,6,2,9
dragon_unicorn,1043,124,0-1,18,8,3,5,1,7
dragon_unicorn,1044,148,0-1,15,7,3,4,2,5
dragon_unicorn,1045,163,1-0,23,9,3,6,8,1
dragon_unicorn,1046,127,1-0,27,13,7,6,6,7
dragon_unicorn,1047,185,1-0,17,7,2,5,6,1
dragon_unicorn,1048,132,0-1,24,10,4,6,4,6
dragon_unicorn,1049,119,1-0,21,9,4,5,8,1
dragon_unicorn,1050,133,1-0,19,9,4,5,7,2
dragon_unicorn,1051,101,1-0,25,13,8,5,8,5
dragon_unicorn,1052,104,0-1,28,14,8,6,4,10
dragon_unicorn,1053,110,0-1,25,11,4,7,3,8
dragon_unicorn,1054,144,0-1,21,9,3,6,2,7
dragon_unicorn,1055,150,0-1,16,6,1,5,1,5
dragon_unicorn,1056,165,1-0,8,6,3,3,4,2
dragon_unicorn,1057,169,1-0,18,6,1,5,5,1
dragon_unicorn,1058,93,1-0,22,14,10,4,10,4
dragon_unicorn,1059,114,0-1,17,7,2,5,2,5
dragon_unicorn,1060,74,1/2-1/2,86,28,12,16,14,14
dragon_unicorn,1061,127,1/2-1/2,13,11,7,4,5,6
dragon_unicorn,1062,202,0-1,15,7,3,4,1,6
dragon_unicorn,1063,159,1-0,19,7,2,5,5,2
dragon_unicorn,1064,93,1-0,45,17,8,9,10,7
dragon_unicorn,1065,147,1-0,16,8,4,4,6,2
dragon_unicorn,1066,357,1/2-1/2,9,7,3,4,4,3
dragon_unicorn,1067,187,1-0,32,14,8,6,10,4
dragon_unicorn,1068,74,0-1,33,17,10,7,7,10
dragon_unicorn,1069,133,1-0,16,8,4,4,6,2
dragon_unicorn,1070,148,0-1,21,9,4,5,2,7
dragon_unicorn,1071,69,1-0,50,20,10,10,13,7
dragon_unicorn,1072,117,1-0,23,13,8,5,9,4
dragon_unicorn,1073,181,1-0,7,5,2,3,4,1
dragon_unicorn,1074,171,1-0,5,3,0,3,2,1
dragon_unicorn,1075,129,1-0,13,5,1,4,3,2
dragon_unicorn,1076,416,0-1,12,4,0,4,1,3
dragon_unicorn,1077,124,0-1,16,8,4,4,3,5
dragon_unicorn,1078,196,0-1,6,4,0,4,1,3
dragon_unicorn,1079,175,1-0,16,6,1,5,5,1
dragon_unicorn,1080,93,1-0,27,11,4,7,9,2
dragon_unicorn,1081,126,1/2-1/2,0,2,0,2,1,1
dragon_unicorn,1082,117,1-0,35,15,8,7,8,7
dragon_unicorn,1083,114,0-1,23,9,3,6,2,7
dragon_unicorn,1084,138,0-1,15,5,0,5,2,3
dragon_unicorn,1085,148,0-1,20,8,2,6,2,6
dragon_unicorn,1086,85,1-0,16,10,5,5,8,2
dragon_unicorn,1087,99,1-0,19,9,4,5,6,3
dragon_unicorn,1088,136,0-1,15,7,3,4,2,5
dragon_unicorn,1089,119,1-0,19,11,5,6,9,2
dragon_unicorn,1090,157,1-0,6,4,1,3,3,1
dragon_unicorn,1091,145,1/2-1/2,12,6,2,4,3,3
dragon_unicorn,1092,94,0-1,17,11,5,6,2,9
dragon_unicorn,1093,198,0-1,25,9,3,6,3,6
dragon_unicorn,1094,159,1-0,6,4,1,3,3,1
dragon_unicorn,1095,146,0-1,23,7,2,5,1,6
dragon_unicorn,1096,105,1-0,18,10,6,4,7,3
dragon_unicorn,1097,149,1-0,14,6,2,4,5,1
dragon_unicorn,1098,169,1-0,20,6,0,6,5,1
dragon_unicorn,1099,152,0-1,31,15,8,7,7,8
dragon_unicorn,1100,135,1-0,29,11,5,6,8,3
dragon_unicorn,1101,168,0-1,13,5,1,4,1,4
dragon_unicorn,1102,142,0-1,19,7,2,5,1,6
dragon_unicorn,1103,121,1-0,21,9,4,5,8,1
dragon_unicorn,1104,66,0-1,66,26,13,13,12,14
dragon_unicorn,1105,99,1-0,26,10,5,5,9,1
dragon_unicorn,1106,30,1/2-1/2,105,35,13,22,18,17
dragon_unicorn,1107,202,0-1,21,11,6,5,3,8
dragon_unicorn,1108,154,0-1,18,8,3,5,2,6
dragon_unicorn,1109,156,0-1,21,7,1,6,2,5
dragon_unicorn,1110,389,1/2-1/2,12,10,6,4,5,5
dragon_unicorn,1111,139,1-0,29,11,5,6,7,4
dragon_unicorn,1112,316,0-1,28,14,8,6,5,9
dragon_unicorn,1113,178,0-1,19,7,2,5,2,5
dragon_unicorn,1114,174,0-1,5,3,0,3,1,2
dragon_unicorn,1115,95,1-0,25,13,8,5,7,6
dragon_unicorn,1116,133,1-0,21,11,6,5,9,2
dragon_unicorn,1117,105,1-0,17,9,5,4,7,2
dragon_unicorn,1118,139,1-0,20,10,6,4,9,1
dragon_unicorn,1119,158,0-1,7,5,2,3,1,4
dragon_unicorn,1120,125,1-0,26,14,9,5,9,5
dragon_unicorn,1121,109,1-0,12,8,4,4,5,3
dragon_unicorn,1122,101,1-0,26,14,9,5,10,4
dragon_unicorn,1123,85,1-0,35,17,8,9,12,5
dragon_unicorn,1124,263,1/2-1/2,3,3,0,3,2,1
dragon_unicorn,1125,216,0-1,13,5,1,4,1,4
dragon_unicorn,1126,180,1/2-1/2,10,4,0,4,2,2
dragon_unicorn,1127,235,1/2-1/2,13,7,3,4,3,4
dragon_unicorn,1128,164,1/2-1/2,3,3,0,3,1,2
dragon_unicorn,1129,118,0-1,26,10,5,5,3,7
dragon_unicorn,1130,161,1-0,16,6,1,5,5,1
dragon_unicorn,1131,140,0-1,19,11,7,4,3,8
dragon_unicorn,1132,167,1-0,23,11,6,5,9,2
dragon_unicorn,1133,79,1/2-1/2,57,23,12,11,11,12
dragon_unicorn,1134,175,1-0,21,7,1,6,5,2
dragon_unicorn,1135,166,0-1,20,8,2,6,1,7
dragon_unicorn,1136,237,1/2-1/2,3,3,0,3,2,1
dragon_unicorn,1137,180,0-1,15,7,3,4,2,5
dragon_unicorn,1138,91,1-0,31,11,5,6,9,2
dragon_unicorn,1139,297,1/2-1/2,15,7,2,5,3,4
dragon_unicorn,1140,222,1/2-1/2,23,15,10,5,7,8
dragon_unicorn,1141,155,1-0,15,7,3,4,5,2
dragon_unicorn,1142,210,0-1,5,3,0,3,1,2
dragon_unicorn,1143,131,1-0,18,8,4,4,7,1
dragon_unicorn,1144,150,0-1,18,6,1,5,1,5
dragon_unicorn,1145,179,1-0,13,5,1,4,4,1
dragon_unicorn,1146,165,1-0,18,6,1,5,5,1
dragon_unicorn,1147,130,0-1,13,7,3,4,2,5
dragon_unicorn,1148,166,0-1,21,9,3,6,2,7
dragon_unicorn,1149,95,1-0,26,10,3,7,7,3
dragon_unicorn,1150,132,0-1,7,5,2,3,1,4
dragon_unicorn,1151,111,1-0,27,13,7,6,8,5
dragon_unicorn,1152,145,1-0,22,6,1,5,5,1
dragon_unicorn,1153,193,1-0,13,5,1,4,4,1
dragon_unicorn,1154,61,1-0,50,20,9,11,13,7
dragon_unicorn,1155,119,1-0,16,8,3,5,7,1
dragon_unicorn,1156,114,0-1,24,8,3,5,1,7
dragon_unicorn,1157,165,1/2-1/2,3,3,0,3,2,1
dragon_unicorn,1158,71,1-0,25,13,8,5,7,6
dragon_unicorn,1159,175,1/2-1/2,0,2,0,2,1,1
dragon_unicorn,1160,158,0-1,15,5,0,5,1,4
dragon_unicorn,1161,71,1-0,33,15,8,7,11,4
dragon_unicorn,1162,71,1-0,40,18,10,8,10,8
dragon_unicorn,1163,103,1-0,13,9,5,4,7,2
dragon_unicorn,1164,165,1-0,21,7,1,6,6,1
dragon_unicorn,1165,95,1-0,27,11,6,5,7,4
dragon_unicorn,1166,90,0-1,39,17,8,9,6,11
dragon_unicorn,1167,229,1-0,9,3,0,3,2,1
dragon_unicorn,1168,190,0-1,15,7,3,4,2,5
dragon_unicorn,1169,199,1-0,5,3,0,3,2,1
dragon_unicorn,1170,139,1-0,14,6,2,4,5,1
dragon_unicorn,1171,132,1/2-1/2,44,18,10,8,9,9
dragon_unicorn,1172,82,0-1,35,15,7,8,5,10
dragon_unicorn,1173,137,1-0,19,9,4,5,6,3
dragon_unicorn,1174,105,1-0,25,13,8,5,10,3
dragon_unicorn,1175,99,1-0,28,12,7,5,8,4
dragon_unicorn,1176,330,0-1,5,3,0,3,1,2
dragon_unicorn,1177,268,0-1,6,4,1,3,1,3
dragon_unicorn,1178,105,1-0,23,11,6,5,9,2
dragon_unicorn,1179,167,1-0,5,3,0,3,2,1
dragon_unicorn,1180,178,0-1,23,9,3,6,3,6
dragon_unicorn,1181,105,1-0,26,10,4,6,8,2
dragon_unicorn,1182,204,0-1,6,4,1,3,1,3
dragon_unicorn,1183,143,1-0,22,14,8,6,9,5
dragon_unicorn,1184,130,0-1,19,9,4,5,1,8
dragon_unicorn,1185,113,1-0,24,12,6,6,10,2
dragon_unicorn,1186,285,1-0,17,5,0,5,4,1
dragon_unicorn,1187,116,0-1,22,10,5,5,2,8
dragon_unicorn,1188,146,0-1,24,10,4,6,1,9
dragon_unicorn,1189,52,1/2-1/2,94,30,11,19,15,15
dragon_unicorn,1190,149,1-0,10,6,2,4,5,1
dragon_unicorn,1191,125,1-0,14,6,2,4,5,1
dragon_unicorn,1192,156,0-1,13,5,1,4,1,4
dragon_unicorn,1193,124,0-1,21,11,6,5,3,8
dragon_unicorn,1194,169,1/2-1/2,15,7,2,5,4,3
dragon_unicorn,1195,167,1-0,21,9,3,6,7,2
dragon_unicorn,1196,203,1-0,20,8,2,6,7,1
dragon_unicorn,1197,132,0-1,18,10,5,5,2,8
dragon_unicorn,1198,36,1/2-1/2,93,31,13,18,15,16
dragon_unicorn,1199,189,1-0,5,3,0,3,2,1
dragon_unicorn,1200,332,1/2-1/2,9,7,3,4,4,3
dragon_unicorn,1201,139,1-0,12,8,4,4,6,2
dragon_unicorn,1202,280,1/2-1/2,8,6,2,4,3,3
dragon_unicorn,1203,173,1-0,16,8,4,4,7,1
dragon_unicorn,1204,201,1-0,26,10,5,5,7,3
dragon_unicorn,1205,125,1/2-1/2,39,15,8,7,7,8
dragon_unicorn,1206,113,1-0,21,9,4,5,7,2
dragon_unicorn,1207,172,0-1,18,6,1,5,1,5
dragon_unicorn,1208,237,1-0,8,4,0,4,3,1
dragon_unicorn,1209,140,1/2-1/2,0,2,0,2,1,1
dragon_unicorn,1210,125,1-0,9,7,4,3,6,1
dragon_unicorn,1211,119,1-0,22,10,5,5,9,1
dragon_unicorn,1212,143,1/2-1/2,15,9,5,4,4,5
dragon_unicorn,1213,184,0-1,20,6,0,6,1,5
dragon_unicorn,1214,64,0-1,40,18,10,8,6,12
dragon_unicorn,1215,179,1-0,19,7,2,5,5,2
dragon_unicorn,1216,101,1-0,29,13,6,7,9,4
dragon_unicorn,1217,116,1/2-1/2,60,24,12,12,12,12
dragon_unicorn,1218,157,1-0,29,11,4,7,7,4
dragon_unicorn,1219,89,1-0,33,15,9,6,8,7
dragon_unicorn,1220,165,1-0,13,5,1,4,4,1
dragon_unicorn,1221,86,0-1,32,12,6,6,3,9
dragon_unicorn,1222,202,0-1,17,9,5,4,2,7
dragon_unicorn,1223,87,1-0,23,11,6,5,7,4
dragon_unicorn,1224,147,1-0,13,5,1,4,4,1
dragon_unicorn,1225,206,0-1,16,6,1,5,2,4
dragon_unicorn,1226,75,1-0,56,22,10,12,10,12
dragon_unicorn,1227,171,1-0,19,9,4,5,7,2
dragon_unicorn,1228,106,0-1,24,14,9,5,6,8
dragon_unicorn,1229,142,0-1,17,7,3,4,2,5
dragon_unicorn,1230,281,1/2-1/2,11,5,1,4,2,3
dragon_unicorn,1231,147,1-0,8,6,3,3,5,1
dragon_unicorn,1232,81,1-0,23,11,6,5,8,3
dragon_unicorn,1233,99,1-0,17,7,3,4,5,2
dragon_unicorn,1234,172,0-1,16,6,1,5,1,5
dragon_unicorn,1235,216,0-1,5,3,0,3,1,2
dragon_unicorn,1236,151,1-0,13,9,5,4,7,2
dragon_unicorn,1237,215,1-0,20,6,0,6,5,1
dragon_unicorn,1238,197,1-0,17,5,0,5,4,1
dragon_unicorn,1239,168,0-1,16,6,2,4,1,5
dragon_unicorn,1240,133,1-0,20,6,0,6,5,1
dragon_unicorn,1241,81,1-0,34,18,10,8,10,8
dragon_unicorn,1242,239,1/2-1/2,9,5,1,4,3,2
dragon_unicorn,1243,135,1/2-1/2,58,22,11,11,12,10
dragon_unicorn,1244,125,1-0,13,5,1,4,4,1
dragon_unicorn,1245,218,0-1,16,6,1,5,1,5
dragon_unicorn,1246,215,1-0,6,4,0,4,3,1
dragon_unicorn,1247,128,0-1,26,8,1,7,1,7
dragon_unicorn,1248,121,1-0,19,7,2,5,6,1
dragon_unicorn,1249,135,1-0,23,11,6,5,8,3
dragon_unicorn,1250,141,1-0,15,7,3,4,6,1
dragon_unicorn,1251,97,1-0,30,16,11,5,10,6
dragon_unicorn,1252,105,1-0,34,18,11,7,10,8
dragon_unicorn,1253,140,0-1,17,9,5,4,2,7
dragon_unicorn,1254,150,0-1,18,6,1,5,1,5
dragon_unicorn,1255,91,1-0,35,15,7,8,10,5
dragon_unicorn,1256,182,0-1,15,5,0,5,1,4
dragon_unicorn,1257,123,1-0,11,5,1,4,4,1
dragon_unicorn,1258,158,0-1,16,6,1,5,2,4
dragon_unicorn,1259,136,0-1,25,11,5,6,3,8
dragon_unicorn,1260,313,1-0,20,8,2,6,7,1
dragon_unicorn,1261,184,0-1,18,6,1,5,1,5
dragon_unicorn,1262,133,1/2-1/2,0,2,0,2,1,1
dragon_unicorn,1263,111,1-0,23,11,6,5,7,4
dragon_unicorn,1264,129,1/2-1/2,13,7,3,4,3,4
dragon_unicorn,1265,131,1-0,25,11,5,6,9,2
dragon_unicorn,1266,433,1-0,6,4,0,4,3,1
dragon_unicorn,1267,144,0-1,5,3,0,3,1,2
dragon_unicorn,1268,185,1-0,24,8,2,6,7,1
dragon_unicorn,1269,145,1/2-1/2,0,2,0,2,1,1
dragon_unicorn,1270,157,1-0,16,6,1,5,5,1
dragon_unicorn,1271,85,1-0,28,12,6,6,7,5
dragon_unicorn,1272,140,0-1,20,8,2,6,2,6
dragon_unicorn,1273,95,1-0,33,11,4,7,7,4
dragon_unicorn,1274,162,0-1,17,5,0,5,1,4
dragon_unicorn,1275,128,0-1,22,10,4,6,2,8
dragon_unicorn,1276,473,1/2-1/2,8,4,0,4,2,2
dragon_unicorn,1277,116,0-1,10,6,2,4,1,5
dragon_unicorn,1278,132,0-1,18,6,1,5,1,5
dragon_unicorn,1279,139,1-0,16,6,1,5,5,1
dragon_unicorn,1280,129,1-0,21,9,4,5,8,1
dragon_unicorn,1281,173,1-0,18,6,0,6,5,1
dragon_unicorn,1282,146,0-1,20,8,3,5,1,7
dragon_unicorn,1283,123,1-0,25,11,5,6,9,2
dragon_unicorn,1284,138,0-1,11,7,3,4,1,6
dragon_unicorn,1285,229,1-0,15,5,0,5,4,1
dragon_unicorn,1286,182,0-1,5,3,0,3,1,2
dragon_unicorn,1287,232,0-1,7,5,2,3,1,4
dragon_unicorn,1288,126,0-1,19,9,4,5,3,6
dragon_unicorn,1289,197,1/2-1/2,11,5,1,4,3,2
dragon_unicorn,1290,150,0-1,22,10,5,5,2,8
dragon_unicorn,1291,174,0-1,25,9,2,7,2,7
dragon_unicorn,1292,149,1-0,21,7,1,6,6,1
dragon_unicorn,1293,137,1/2-1/2,3,3,0,3,2,1
dragon_unicorn,1294,127,1-0,39,15,7,8,10,5
dragon_unicorn,1295,74,1/2-1/2,58,22,11,11,11,11
dragon_unicorn,1296,153,1-0,18,8,3,5,6,2
dragon_unicorn,1297,165,1-0,9,3,0,3,2,1
dragon_unicorn,1298,208,0-1,25,9,4,5,2,7
dragon_unicorn,1299,149,1-0,19,11,7,4,7,4
dragon_unicorn,1300,114,0-1,17,9,5,4,4,5
dragon_unicorn,1301,63,1-0,34,16,8,8,10,6
dragon_unicorn,1302,129,1-0,13,5,1,4,4,1
dragon_unicorn,1303,196,0-1,17,5,0,5,1,4
dragon_unicorn,1304,57,1-0,47,19,11,8,11,8
dragon_unicorn,1305,186,0-1,17,5,0,5,1,4
dragon_unicorn,1306,222,1/2-1/2,11,5,1,4,2,3
dragon_unicorn,1307,120,0-1,18,10,6,4,2,8
dragon_unicorn,1308,128,0-1,22,12,7,5,3,9
dragon_unicorn,1309,99,1-0,36,18,11,7,10,8
dragon_unicorn,1310,101,1/2-1/2,34,14,7,7,6,8
dragon_unicorn,1311,135,1-0,24,14,9,5,9,5
dragon_unicorn,1312,124,0-1,20,10,4,6,2,8
dragon_unicorn,1313,91,1-0,22,10,4,6,8,2
dragon_unicorn,1314,223,1-0,14,6,2,4,4,2
dragon_unicorn,1315,96,0-1,13,9,5,4,1,8
dragon_unicorn,1316,176,0-1,9,5,1,4,1,4
dragon_unicorn,1317,135,1-0,15,7,3,4,5,2
dragon_unicorn,1318,211,1-0,14,6,2,4,5,1
dragon_unicorn,1319,150,0-1,18,6,1,5,1,5
dragon_unicorn,1320,145,1/2-1/2,20,10,4,6,5,5
dragon_unicorn,1321,185,1-0,17,5,0,5,4,1
dragon_unicorn,1322,200,1/2-1/2,4,6,4,2,3,3
dragon_unicorn,1323,161,1-0,18,8,3,5,6,2
dragon_unicorn,1324,151,1-0,25,11,7,4,6,5
dragon_unicorn,1325,266,1/2-1/2,6,4,0,4,1,3
dragon_unicorn,1326,170,0-1,19,7,2,5,1,6
dragon_unicorn,1327,257,1-0,6,4,0,4,3,1
dragon_unicorn,1328,130,0-1,24,12,7,5,5,7
dragon_unicorn,1329,109,1-0,30,12,6,6,7,5
dragon_unicorn,1330,179,1-0,10,6,2,4,5,1
dragon_unicorn,1331,149,1-0,15,7,3,4,5,2
dragon_unicorn,1332,126,1/2-1/2,39,15,7,8,7,8
dragon_unicorn,1333,157,1-0,19,9,4,5,7,2
dragon_unicorn,1334,189,1-0,15,5,1,4,4,1
dragon_unicorn,1335,202,0-1,17,9,5,4,2,7
dragon_unicorn,1336,64,0-1,58,22,10,12,10,12
dragon_unicorn,1337,99,1-0,42,18,9,9,11,7
dragon_unicorn,1338,153,1-0,19,7,2,5,6,1
dragon_unicorn,1339,129,1-0,18,8,3,5,7,1
dragon_unicorn,1340,103,1-0,17,11,6,5,8,3
dragon_unicorn,1341,58,0-1,68,24,12,12,10,14
dragon_unicorn,1342,112,0-1,29,13,6,7,4,9
dragon_unicorn,1343,165,1-0,14,6,2,4,4,2
dragon_unicorn,1344,134,1/2-1/2,30,12,6,6,6,6
dragon_unicorn,1345,180,0-1,16,6,2,4,2,4
dragon_unicorn,1346,147,1-0,13,5,1,4,4,1
dragon_unicorn,1347,109,1-0,21,13,9,4,8,5
dragon_unicorn,1348,110,0-1,23,11,6,5,4,7
dragon_unicorn,1349,127,1/2-1/2,54,16,5,11,9,7
dragon_unicorn,1350,105,1-0,13,7,4,3,6,1
dragon_unicorn,1351,150,0-1,13,5,1,4,2,3
dragon_unicorn,1352,127,1-0,19,7,1,6,6,1
dragon_unicorn,1353,117,1-0,11,5,2,3,4,1
dragon_unicorn,1354,105,1-0,25,13,8,5,8,5
dragon_unicorn,1355,163,1/2-1/2,20,6,0,6,3,3
dragon_unicorn,1356,154,0-1,14,6,2,4,1,5
dragon_unicorn,1357,92,0-1,25,13,8,5,5,8
dragon_unicorn,1358,120,0-1,22,10,5,5,3,7
dragon_unicorn,1359,128,0-1,13,7,3,4,2,5
dragon_unicorn,1360,133,1-0,23,11,6,5,8,3
dragon_unicorn,1361,113,1-0,32,14,8,6,8,6
dragon_unicorn,1362,65,1-0,68,26,12,14,15,11
dragon_unicorn,1363,170,0-1,15,5,0,5,1,4
dragon_unicorn,1364,131,1-0,23,11,5,6,7,4
dragon_unicorn,1365,156,1/2-1/2,38,16,8,8,7,9
dragon_unicorn,1366,138,0-1,16,8,4,4,2,6
dragon_unicorn,1367,68,0-1,28,14,8,6,4,10
dragon_unicorn,1368,127,1-0,22,10,5,5,7,3
dragon_unicorn,1369,220,0-1,8,4,0,4,1,3
dragon_unicorn,1370,195,1-0,5,3,0,3,2,1
dragon_unicorn,1371,98,0-1,33,19,11,8,8,11
dragon_unicorn,1372,204,0-1,8,4,0,4,1,3
dragon_unicorn,1373,104,1/2-1/2,40,16,9,7,8,8
dragon_unicorn,1374,144,0-1,16,6,1,5,1,5
dragon_unicorn,1375,141,1-0,22,10,5,5,9,1
dragon_unicorn,1376,139,1-0,30,10,4,6,7,3
dragon_unicorn,1377,121,1-0,17,7,2,5,4,3
dragon_unicorn,1378,220,0-1,15,5,0,5,1,4
dragon_unicorn,1379,169,1/2-1/2,24,18,12,6,9,9
dragon_unicorn,1380,160,0-1,12,6,3,3,1,5
dragon_unicorn,1381,150,0-1,25,11,6,5,4,7
dragon_unicorn,1382,143,1-0,23,9,3,6,7,2
dragon_unicorn,1383,182,0-1,16,6,1,5,1,5
dragon_unicorn,1384,131,1-0,5,5,2,3,4,1
dragon_unicorn,1385,133,1-0,26,10,3,7,7,3
dragon_unicorn,1386,228,1/2-1/2,11,5,1,4,3,2
dragon_unicorn,1387,165,1-0,19,9,4,5,7,2
dragon_unicorn,1388,159,1-0,21,7,1,6,6,1
dragon_unicorn,1389,101,1-0,25,13,7,6,8,5
dragon_unicorn,1390,113,1-0,21,9,4,5,7,2
dragon_unicorn,1391,113,1-0,25,11,5,6,6,5
dragon_unicorn,1392,111,1-0,20,10,6,4,7,3
dragon_unicorn,1393,179,1-0,6,4,1,3,3,1
dragon_unicorn,1394,133,1-0,18,8,3,5,7,1
dragon_unicorn,1395,183,1-0,18,8,3,5,6,2
dragon_unicorn,1396,144,0-1,19,7,2,5,1,6
dragon_unicorn,1397,177,1-0,8,6,3,3,5,1
dragon_unicorn,1398,139,1-0,14,6,2,4,4,2
dragon_unicorn,1399,182,1/2-1/2,24,14,8,6,7,7
dragon_unicorn,1400,172,0-1,22,6,1,5,1,5
dragon_unicorn,1401,312,1/2-1/2,17,7,2,5,4,3
dragon_unicorn,1402,247,1/2-1/2,13,7,3,4,4,3
dragon_unicorn,1403,146,0-1,16,8,4,4,1,7
dragon_unicorn,1404,149,1-0,5,3,0,3,2,1
dragon_unicorn,1405,115,1-0,20,8,3,5,7,1
dragon_unicorn,1406,165,1-0,14,6,2,4,5,1
dragon_unicorn,1407,191,1-0,17,7,2,5,5,2
dragon_unicorn,1408,159,1-0,8,6,2,4,5,1
dragon_unicorn,1409,101,1-0,35,17,9,8,12,5
dragon_unicorn,1410,81,1-0,26,16,10,6,11,5
dragon_unicorn,1411,93,1-0,22,10,5,5,7,3
dragon_unicorn,1412,182,0-1,19,7,2,5,2,5
dragon_unicorn,1413,160,0-1,18,6,1,5,2,4
dragon_unicorn,1414,113,1-0,17,9,5,4,6,3
dragon_unicorn,1415,85,1-0,18,10,6,4,7,3
dragon_unicorn,1416,167,1/2-1/2,3,3,0,3,2,1
dragon_unicorn,1417,186,0-1,19,7,1,6,1,6
dragon_unicorn,1418,64,0-1,62,22,11,11,10,12
dragon_unicorn,1419,141,1-0,13,5,1,4,4,1
dragon_unicorn,1420,85,1-0,29,11,4,7,8,3
dragon_unicorn,1421,212,0-1,27,7,0,7,2,5
dragon_unicorn,1422,143,1-0,14,6,2,4,5,1
dragon_unicorn,1423,172,1/2-1/2,3,3,0,3,2,1
dragon_unicorn,1424,155,1-0,15,5,1,4,4,1
dragon_unicorn,1425,87,1-0,34,16,8,8,8,8
dragon_unicorn,1426,126,0-1,22,14,9,5,4,10
dragon_unicorn,1427,176,1/2-1/2,0,2,0,2,1,1
dragon_unicorn,1428,157,1-0,6,4,1,3,3,1
dragon_unicorn,1429,142,0-1,24,8,3,5,2,6
dragon_unicorn,1430,161,1-0,15,7,3,4,6,1
dragon_unicorn,1431,142,0-1,17,7,2,5,2,5
dragon_unicorn,1432,147,1/2-1/2,21,7,2,5,4,3
dragon_unicorn,1433,176,0-1,15,5,0,5,1,4
dragon_unicorn,1434,163,1-0,24,8,3,5,7,1
dragon_unicorn,1435,115,1-0,24,12,7,5,7,5
dragon_unicorn,1436,90,0-1,41,17,8,9,5,12
dragon_unicorn,1437,189,1-0,19,7,1,6,6,1
dragon_unicorn,1438,321,1/2-1/2,3,3,0,3,1,2
dragon_unicorn,1439,95,1-0,18,10,6,4,7,3
dragon_unicorn,1440,223,1/2-1/2,11,9,5,4,4,5
dragon_unicorn,1441,166,0-1,26,10,3,7,4,6
dragon_unicorn,1442,98,0-1,30,12,5,7,3,9
dragon_unicorn,1443,198,0-1,5,3,0,3,1,2
dragon_unicorn,1444,91,1-0,25,11,4,7,9,2
dragon_unicorn,1445,109,1-0,20,12,6,6,8,4
dragon_unicorn,1446,168,1/2-1/2,3,3,0,3,1,2
dragon_unicorn,1447,147,1-0,25,11,4,7,9,2
dragon_unicorn,1448,143,1-0,20,8,3,5,7,1
dragon_unicorn,1449,193,1-0,14,4,0,4,3,1
dragon_unicorn,1450,113,1-0,14,8,5,3,6,2
dragon_unicorn,1451,94,0-1,32,16,10,6,7,9
dragon_unicorn,1452,302,0-1,6,4,0,4,1,3
dragon_unicorn,1453,151,1-0,23,7,2,5,5,2
dragon_unicorn,1454,97,1-0,24,12,7,5,10,2
dragon_unicorn,1455,86,0-1,39,15,7,8,6,9
dragon_unicorn,1456,228,0-1,20,6,0,6,1,5
dragon_unicorn,1457,163,1-0,13,5,1,4,4,1
dragon_unicorn,1458,113,1-0,21,9,4,5,8,1
dragon_unicorn,1459,407,1/2-1/2,18,8,2,6,4,4
dragon_unicorn,1460,141,1-0,9,5,1,4,4,1
dragon_unicorn,1461,141,1/2-1/2,14,8,2,6,4,4
dragon_unicorn,1462,170,0-1,16,8,4,4,4,4
dragon_unicorn,1463,190,1/2-1/2,13,11,7,4,6,5
dragon_unicorn,1464,84,0-1,40,18,11,7,7,11
dragon_unicorn,1465,184,0-1,5,3,0,3,1,2
dragon_unicorn,1466,185,1-0,24,8,2,6,7,1
dragon_unicorn,1467,93,1-0,20,12,8,4,8,4
dragon_unicorn,1468,167,1-0,10,6,2,4,4,2
dragon_unicorn,1469,153,1-0,18,8,3,5,6,2
dragon_unicorn,1470,104,0-1,20,10,6,4,3,7
dragon_unicorn,1471,129,1-0,30,12,6,6,9,3
dragon_unicorn,1472,142,0-1,13,7,3,4,1,6
dragon_unicorn,1473,148,0-1,19,7,1,6,1,6
dragon_unicorn,1474,153,1/2-1/2,27,11,6,5,6,5
dragon_unicorn,1475,262,1/2-1/2,7,5,1,4,2,3
dragon_unicorn,1476,142,0-1,20,12,7,5,5,7
dragon_unicorn,1477,107,1-0,16,8,3,5,7,1
dragon_unicorn,1478,520,1/2-1/2,6,4,0,4,2,2
dragon_unicorn,1479,125,1-0,10,8,5,3,7,1
dragon_unicorn,1480,139,1-0,22,10,4,6,7,3
dragon_unicorn,1481,83,1-0,17,13,9,4,8,5
dragon_unicorn,1482,133,1-0,12,4,0,4,3,1
dragon_unicorn,1483,60,0-1,33,17,10,7,7,10
dragon_unicorn,1484,105,1-0,35,11,3,8,7,4
dragon_unicorn,1485,88,0-1,25,13,8,5,7,6
dragon_unicorn,1486,121,1-0,29,11,5,6,6,5
dragon_unicorn,1487,120,0-1,12,8,4,4,2,6
dragon_unicorn,1488,71,1-0,29,17,12,5,11,6
dragon_unicorn,1489,104,0-1,17,13,9,4,5,8
dragon_unicorn,1490,177,1-0,25,9,2,7,7,2
dragon_unicorn,1491,129,1-0,21,9,3,6,7,2
dragon_unicorn,1492,192,0-1,5,3,0,3,1,2
dragon_unicorn,1493,117,1-0,10,6,2,4,5,1
dragon_unicorn,1494,168,1/2-1/2,10,4,0,4,2,2
dragon_unicorn,1495,166,0-1,15,7,3,4,2,5
dragon_unicorn,1496,124,0-1,18,8,3,5,3,5
dragon_unicorn,1497,100,0-1,30,16,9,7,8,8
dragon_unicorn,1498,147,1-0,23,9,3,6,7,2
dragon_unicorn,1499,185,1-0,13,5,1,4,4,1
dragon_unicorn,1500,187,1-0,19,7,2,5,6,1
dragon_unicorn,1501,137,1-0,17,7,2,5,5,2
dragon_unicorn,1502,188,0-1,12,8,4,4,2,6
dragon_unicorn,1503,171,1-0,19,9,3,6,7,2
dragon_unicorn,1504,196,0-1,12,4,0,4,1,3
dragon_unicorn,1505,230,0-1,23,7,1,6,2,5
dragon_unicorn,1506,127,1-0,20,10,6,4,6,4
dragon_unicorn,1507,168,1/2-1/2,11,5,1,4,2,3
dragon_unicorn,1508,157,1-0,16,6,1,5,5,1
dragon_unicorn,1509,183,1-0,15,5,0,5,4,1
dragon_unicorn,1510,157,1-0,14,6,2,4,4,2
dragon_unicorn,1511,81,1-0,31,17,11,6,11,6
dragon_unicorn,1512,48,0-1,60,22,9,13,10,12
dragon_unicorn,1513,196,0-1,20,6,2,4,3,3
dragon_unicorn,1514,177,1/2-1/2,0,2,0,2,1,1
dragon_unicorn,1515,109,1-0,24,12,6,6,9,3
dragon_unicorn,1516,223,1/2-1/2,14,8,2,6,4,4
dragon_unicorn,1517,126,0-1,20,10,5,5,4,6
dragon_unicorn,1518,233,1/2-1/2,0,2,0,2,1,1
dragon_unicorn,1519,254,1/2-1/2,0,2,0,2,1,1
dragon_unicorn,1520,343,1-0,5,3,0,3,2,1
dragon_unicorn,1521,159,1/2-1/2,18,8,2,6,4,4
dragon_unicorn,1522,154,0-1,9,5,1,4,1,4
dragon_unicorn,1523,190,0-1,5,3,0,3,1,2
dragon_unicorn,1524,162,0-1,18,8,4,4,1,7
dragon_unicorn,1525,137,1-0,24,8,3,5,5,3
dragon_unicorn,1526,96,0-1,26,12,6,6,4,8
dragon_unicorn,1527,117,1-0,25,11,5,6,8,3
dragon_unicorn,1528,199,1-0,5,3,0,3,2,1
dragon_unicorn,1529,214,0-1,15,5,0,5,1,4
dragon_unicorn,1530,59,1-0,51,21,10,11,12,9
dragon_unicorn,1531,106,0-1,20,10,5,5,3,7
dragon_unicorn,1532,154,0-1,29,13,6,7,6,7
dragon_unicorn,1533,167,1-0,5,3,0,3,2,1
dragon_unicorn,1534,258,0-1,18,6,1,5,2,4
dragon_unicorn,1535,177,1-0,10,4,0,4,3,1
dragon_unicorn,1536,99,1-0,22,12,7,5,10,2
dragon_unicorn,1537,62,1/2-1/2,85,27,11,16,14,13
dragon_unicorn,1538,177,1-0,17,9,5,4,6,3
dragon_unicorn,1539,333,1/2-1/2,10,4,0,4,2,2
dragon_unicorn,1540,101,1/2-1/2,39,15,7,8,7,8
dragon_unicorn,1541,140,0-1,5,3,0,3,1,2
dragon_unicorn,1542,107,1-0,21,9,4,5,7,2
dragon_unicorn,1543,99,1-0,27,15,10,5,8,7
dragon_unicorn,1544,119,1-0,22,6,1,5,5,1
dragon_unicorn,1545,128,0-1,10,6,2,4,1,5
dragon_unicorn,1546,150,0-1,27,7,1,6,1,6
dragon_unicorn,1547,179,1-0,12,6,1,5,5,1
dragon_unicorn,1548,222,0-1,12,4,0,4,1,3
dragon_unicorn,1549,158,0-1,16,6,1,5,1,5
dragon_unicorn,1550,87,1-0,33,15,8,7,10,5
dragon_unicorn,1551,167,1/2-1/2,3,3,0,3,2,1
dragon_unicorn,1552,170,0-1,17,5,0,5,1,4
dragon_unicorn,1553,279,1/2-1/2,22,8,2,6,4,4
dragon_unicorn,1554,118,0-1,31,11,4,7,4,7
dragon_unicorn,1555,200,0-1,29,11,5,6,3,8
dragon_unicorn,1556,152,0-1,30,8,1,7,1,7
dragon_unicorn,1557,153,1-0,7,5,1,4,4,1
dragon_unicorn,1558,114,0-1,21,11,6,5,3,8
dragon_unicorn,1559,134,0-1,21,13,8,5,4,9
dragon_unicorn,1560,161,1-0,18,8,3,5,7,1
dragon_unicorn,1561,89,1-0,19,9,3,6,8,1
dragon_unicorn,1562,165,1-0,22,8,2,6,6,2
dragon_unicorn,1563,151,1-0,11,5,2,3,4,1
dragon_unicorn,1564,130,0-1,19,9,5,4,2,7
dragon_unicorn,1565,192,1/2-1/2,3,3,0,3,1,2
dragon_unicorn,1566,117,1/2-1/2,27,11,4,7,6,5
dragon_unicorn,1567,207,1-0,8,4,0,4,3,1
dragon_unicorn,1568,120,0-1,23,11,6,5,3,8
dragon_unicorn,1569,194,0-1,17,7,2,5,2,5
dragon_unicorn,1570,120,1/2-1/2,35,15,7,8,7,8
dragon_unicorn,1571,185,1-0,18,8,3,5,6,2
dragon_unicorn,1572,101,1-0,25,11,5,6,8,3
dragon_unicorn,1573,111,1-0,24,14,9,5,9,5
dragon_unicorn,1574,142,0-1,14,6,2,4,1,5
dragon_unicorn,1575,169,1-0,10,6,2,4,5,1
dragon_unicorn,1576,137,1-0,19,9,4,5,6,3
dragon_unicorn,1577,100,0-1,26,12,6,6,4,8
dragon_unicorn,1578,117,1-0,17,7,3,4,6,1
dragon_unicorn,1579,141,1-0,26,10,4,6,7,3
dragon_unicorn,1580,159,1-0,26,8,2,6,6,2
dragon_unicorn,1581,115,1/2-1/2,21,9,3,6,5,4
dragon_unicorn,1582,56,0-1,75,27,13,14,15,12
dragon_unicorn,1583,161,1-0,24,8,2,6,7,1
dragon_unicorn,1584,187,1-0,5,3,0,3,2,1
dragon_unicorn,1585,312,1/2-1/2,3,3,0,3,1,2
dragon_unicorn,1586,106,0-1,18,8,3,5,3,5
dragon_unicorn,1587,120,1/2-1/2,10,12,10,2,6,6
dragon_unicorn,1588,113,1-0,12,10,6,4,8,2
dragon_unicorn,1589,75,1-0,21,11,5,6,9,2
dragon_unicorn,1590,137,1-0,22,8,2,6,7,1
dragon_unicorn,1591,188,0-1,5,3,0,3,1,2
dragon_unicorn,1592,113,1-0,20,8,2,6,5,3
dragon_unicorn,1593,205,1-0,20,6,0,6,5,1
dragon_unicorn,1594,250,1/2-1/2,6,4,1,3,2,2
dragon_unicorn,1595,97,1-0,29,11,4,7,7,4
dragon_unicorn,1596,101,1-0,20,8,3,5,7,1
dragon_unicorn,1597,170,1/2-1/2,21,11,6,5,4,7
dragon_unicorn,1598,145,1-0,25,9,4,5,7,2
dragon_unicorn,1599,144,0-1,17,7,3,4,1,6
dragon_unicorn,1600,98,0-1,21,15,10,5,5,10
dragon_unicorn,1601,253,1-0,20,6,0,6,5,1
dragon_unicorn,1602,145,1-0,24,8,2,6,7,1
dragon_unicorn,1603,252,1/2-1/2,13,5,0,5,2,3
dragon_unicorn,1604,210,1/2-1/2,20,6,2,4,4,2
dragon_unicorn,1605,150,0-1,25,9,4,5,3,6
dragon_unicorn,1606,102,0-1,19,11,7,4,4,7
dragon_unicorn,1607,163,1-0,18,6,1,5,4,2
dragon_unicorn,1608,179,1-0,22,8,2,6,7,1
dragon_unicorn,1609,168,0-1,10,4,0,4,1,3
dragon_unicorn,1610,121,1-0,27,13,7,6,8,5
dragon_unicorn,1611,104,0-1,44,16,8,8,7,9
dragon_unicorn,1612,222,0-1,25,9,3,6,3,6
dragon_unicorn,1613,170,0-1,19,7,1,6,1,6
dragon_unicorn,1614,121,1-0,17,7,3,4,6,1
dragon_unicorn,1615,165,1-0,12,4,0,4,3,1
dragon_unicorn,1616,143,1-0,14,6,2,4,5,1
dragon_unicorn,1617,221,1-0,9,3,0,3,2,1
dragon_unicorn,1618,118,0-1,24,12,6,6,3,9
dragon_unicorn,1619,136,0-1,5,3,0,3,1,2
dragon_unicorn,1620,123,1-0,22,12,7,5,8,4
dragon_unicorn,1621,165,1-0,13,5,1,4,4,1
dragon_unicorn,1622,155,1-0,21,7,1,6,6,1
dragon_unicorn,1623,144,1/2-1/2,4,6,4,2,3,3
dragon_unicorn,1624,201,1-0,25,7,1,6,6,1
dragon_unicorn,1625,136,0-1,17,7,2,5,2,5
dragon_unicorn,1626,169,1-0,17,7,2,5,5,2
dragon_unicorn,1627,128,0-1,20,8,3,5,3,5
dragon_unicorn,1628,61,1-0,38,16,7,9,10,6
dragon_unicorn,1629,142,0-1,22,8,4,4,3,5
dragon_unicorn,1630,114,0-1,30,14,7,7,3,11
dragon_unicorn,1631,161,1/2-1/2,2,4,2,2,2,2
dragon_unicorn,1632,162,0-1,23,9,3,6,3,6
dragon_unicorn,1633,203,1-0,16,6,1,5,5,1
dragon_unicorn,1634,87,1-0,44,16,7,9,11,5
dragon_unicorn,1635,219,1-0,5,3,0,3,2,1
dragon_unicorn,1636,155,1-0,21,9,3,6,8,1
dragon_unicorn,1637,134,1/2-1/2,6,8,6,2,4,4
dragon_unicorn,1638,127,1-0,18,10,6,4,7,3
dragon_unicorn,1639,118,0-1,8,8,5,3,3,5
dragon_unicorn,1640,124,0-1,24,12,7,5,4,8
dragon_unicorn,1641,218,0-1,5,3,0,3,1,2
dragon_unicorn,1642,164,0-1,22,8,2,6,1,7
dragon_unicorn,1643,137,1-0,15,7,3,4,5,2
dragon_unicorn,1644,170,0-1,12,4,0,4,1,3
dragon_unicorn,1645,196,0-1,8,4,0,4,1,3
dragon_unicorn,1646,135,1-0,21,11,6,5,8,3
dragon_unicorn,1647,121,1-0,18,8,3,5,6,2
dragon_unicorn,1648,137,1-0,13,5,1,4,4,1
dragon_unicorn,1649,152,0-1,17,7,2,5,2,5
dragon_unicorn,1650,174,0-1,21,11,6,5,4,7
dragon_unicorn,1651,184,0-1,13,5,1,4,1,4
dragon_unicorn,1652,128,0-1,24,12,6,6,3,9
dragon_unicorn,1653,166,0-1,10,6,2,4,1,5
dragon_unicorn,1654,161,1-0,17,7,2,5,5,2
dragon_unicorn,1655,158,1/2-1/2,3,3,0,3,1,2
dragon_unicorn,1656,111,1-0,22,12,7,5,8,4
dragon_unicorn,1657,127,1-0,22,10,5,5,7,3
dragon_unicorn,1658,223,1-0,20,6,0,6,5,1
dragon_unicorn,1659,135,1-0,11,7,3,4,6,1
dragon_unicorn,1660,248,1/2-1/2,0,2,0,2,1,1
dragon_unicorn,1661,93,1-0,21,11,7,4,7,4
dragon_unicorn,1662,177,1/2-1/2,58,20,10,10,9,11
dragon_unicorn,1663,153,1-0,23,9,3,6,7,2
dragon_unicorn,1664,125,1-0,24,12,7,5,8,4
dragon_unicorn,1665,206,0-1,15,7,3,4,1,6
dragon_unicorn,1666,191,1-0,14,8,5,3,5,3
dragon_unicorn,1667,206,0-1,17,5,0,5,1,4
dragon_unicorn,1668,131,1/2-1/2,3,3,0,3,2,1
dragon_unicorn,1669,194,1/2-1/2,3,3,0,3,2,1
dragon_unicorn,1670,65,1/2-1/2,58,22,11,11,11,11
dragon_unicorn,1671,123,1-0,43,13,5,8,8,5
dragon_unicorn,1672,143,1-0,18,10,6,4,8,2
dragon_unicorn,1673,119,1-0,28,12,6,6,7,5
dragon_unicorn,1674,137,1-0,25,11,5,6,7,4
dragon_unicorn,1675,121,1/2-1/2,11,5,1,4,3,2
dragon_unicorn,1676,161,1-0,18,6,1,5,5,1
dragon_unicorn,1677,148,1/2-1/2,12,6,2,4,3,3
dragon_unicorn,1678,53,1-0,60,24,12,12,14,10
dragon_unicorn,1679,199,1/2-1/2,1,3,1,2,1,2
dragon_unicorn,1680,117,1-0,8,6,3,3,5,1
dragon_unicorn,1681,63,1-0,76,28,14,14,14,14
dragon_unicorn,1682,155,1/2-1/2,0,2,0,2,1,1
dragon_unicorn,1683,127,1-0,24,12,7,5,8,4
dragon_unicorn,1684,174,0-1,16,6,1,5,1,5
dragon_unicorn,1685,142,0-1,13,5,1,4,1,4
dragon_unicorn,1686,123,1-0,20,8,3,5,6,2
dragon_unicorn,1687,244,0-1,14,6,2,4,1,5
dragon_unicorn,1688,181,1/2-1/2,18,8,2,6,4,4
dragon_unicorn,1689,173,1-0,17,9,5,4,6,3
dragon_unicorn,1690,84,0-1,32,18,12,6,8,10
dragon_unicorn,1691,105,1-0,30,10,4,6,7,3
dragon_unicorn,1692,94,1/2-1/2,61,23,12,11,11,12
dragon_unicorn,1693,96,0-1,18,12,9,3,4,8
dragon_unicorn,1694,127,1-0,24,10,4,6,8,2
dragon_unicorn,1695,111,1-0,23,11,6,5,6,5
dragon_unicorn,1696,266,0-1,5,3,0,3,1,2
dragon_unicorn,1697,327,1/2-1/2,3,3,0,3,1,2
dragon_unicorn,1698,304,0-1,8,4,0,4,1,3
dragon_unicorn,1699,93,1-0,29,13,7,6,9,4
dragon_unicorn,1700,166,1/2-1/2,20,10,4,6,5,5
dragon_unicorn,1701,248,1/2-1/2,18,6,1,5,2,4
dragon_unicorn,1702,233,1/2-1/2,6,4,0,4,2,2
dragon_unicorn,1703,174,0-1,14,6,2,4,2,4
dragon_unicorn,1704,105,1-0,26,14,8,6,11,3
dragon_unicorn,1705,121,1-0,30,14,8,6,8,6
dragon_unicorn,1706,208,1/2-1/2,13,5,0,5,2,3
dragon_unicorn,1707,167,1-0,23,9,2,7,8,1
dragon_unicorn,1708,227,1-0,17,5,0,5,4,1
dragon_unicorn,1709,124,0-1,27,11,6,5,3,8
dragon_unicorn,1710,174,0-1,14,8,5,3,3,5
dragon_unicorn,1711,180,0-1,17,5,0,5,1,4
dragon_unicorn,1712,228,0-1,17,7,2,5,1,6
dragon_unicorn,1713,125,1-0,20,8,3,5,7,1
dragon_unicorn,1714,146,1/2-1/2,22,12,6,6,6,6
dragon_unicorn,1715,142,0-1,22,8,1,7,1,7
dragon_unicorn,1716,147,1/2-1/2,3,3,0,3,1,2
dragon_unicorn,1717,145,1-0,20,10,5,5,8,2
dragon_unicorn,1718,130,0-1,26,10,3,7,3,7
dragon_unicorn,1719,174,0-1,5,3,0,3,1,2
dragon_unicorn,1720,153,1/2-1/2,31,13,7,6,6,7
dragon_unicorn,1721,137,1-0,18,6,0,6,5,1
dragon_unicorn,1722,70,0-1,30,16,9,7,7,9
dragon_unicorn,1723,136,0-1,20,12,8,4,5,7
dragon_unicorn,1724,119,1-0,16,10,5,5,8,2
dragon_unicorn,1725,129,1-0,18,6,1,5,5,1
dragon_unicorn,1726,140,0-1,18,6,1,5,1,5
dragon_unicorn,1727,141,1-0,13,7,3,4,4,3
dragon_unicorn,1728,175,1-0,23,11,5,6,6,5
dragon_unicorn,1729,188,0-1,16,6,1,5,1,5
dragon_unicorn,1730,111,1-0,20,8,3,5,7,1
dragon_unicorn,1731,106,1/2-1/2,48,20,11,9,11,9
dragon_unicorn,1732,144,0-1,15,7,3,4,2,5
dragon_unicorn,1733,135,1-0,24,10,4,6,9,1
dragon_unicorn,1734,150,0-1,20,10,5,5,1,9
dragon_unicorn,1735,155,1-0,6,4,0,4,3,1
dragon_unicorn,1736,75,1-0,38,18,9,9,12,6
dragon_unicorn,1737,141,1-0,14,6,2,4,5,1
dragon_unicorn,1738,146,0-1,11,5,0,5,1,4
dragon_unicorn,1739,339,1/2-1/2,5,5,2,3,2,3
dragon_unicorn,1740,144,0-1,24,8,1,7,1,7
dragon_unicorn,1741,108,0-1,32,14,6,8,5,9
dragon_unicorn,1742,99,1-0,21,13,8,5,8,5
dragon_unicorn,1743,115,1-0,17,7,2,5,6,1
dragon_unicorn,1744,165,1-0,5,5,2,3,3,2
dragon_unicorn,1745,214,0-1,5,3,0,3,1,2
dragon_unicorn,1746,159,1/2-1/2,30,12,5,7,6,6
dragon_unicorn,1747,92,0-1,42,20,12,8,8,12
dragon_unicorn,1748,139,1-0,15,7,3,4,6,1
dragon_unicorn,1749,149,1-0,16,6,1,5,5,1
dragon_unicorn,1750,156,0-1,19,9,4,5,2,7
dragon_unicorn,1751,184,0-1,17,7,2,5,1,6
dragon_unicorn,1752,70,0-1,29,17,11,6,7,10
dragon_unicorn,1753,101,1-0,20,12,8,4,8,4
dragon_unicorn,1754,133,1-0,16,6,2,4,5,1
dragon_unicorn,1755,156,0-1,25,11,5,6,2,9
dragon_unicorn,1756,138,0-1,9,5,1,4,1,4
dragon_unicorn,1757,183,1-0,24,8,3,5,7,1
dragon_unicorn,1758,159,1-0,17,9,3,6,4,5
dragon_unicorn,1759,209,1-0,25,7,0,7,5,2
dragon_unicorn,1760,81,1-0,36,16,9,7,10,6
dragon_unicorn,1761,129,1-0,19,7,1,6,6,1
dragon_unicorn,1762,184,0-1,17,5,0,5,1,4
dragon_unicorn,1763,200,0-1,12,4,0,4,1,3
dragon_unicorn,1764,134,0-1,16,6,1,5,1,5
dragon_unicorn,1765,321,1-0,15,5,0,5,4,1
dragon_unicorn,1766,80,0-1,25,13,8,5,2,11
dragon_unicorn,1767,121,1-0,19,9,4,5,7,2
dragon_unicorn,1768,78,0-1,32,18,12,6,8,10
dragon_unicorn,1769,117,1-0,24,12,7,5,8,4
dragon_unicorn,1770,166,0-1,21,7,1,6,1,6
dragon_unicorn,1771,171,1-0,12,4,0,4,3,1
dragon_unicorn,1772,149,1-0,14,6,2,4,4,2
dragon_unicorn,1773,116,0-1,13,11,8,3,2,9
dragon_unicorn,1774,162,1/2-1/2,26,8,2,6,3,5
dragon_unicorn,1775,101,1/2-1/2,39,13,5,8,7,6
dragon_unicorn,1776,120,0-1,32,12,5,7,2,10
dragon_unicorn,1777,126,0-1,21,7,1,6,1,6
dragon_unicorn,1778,149,1-0,22,10,5,5,8,2
dragon_unicorn,1779,181,1-0,5,3,0,3,2,1
dragon_unicorn,1780,264,0-1,31,9,2,7,1,8
dragon_unicorn,1781,194,0-1,15,5,0,5,1,4
dragon_unicorn,1782,144,1/2-1/2,3,3,0,3,1,2
dragon_unicorn,1783,113,1-0,21,9,4,5,8,1
dragon_unicorn,1784,189,1-0,12,4,0,4,3,1
dragon_unicorn,1785,109,1-0,26,10,5,5,8,2
dragon_unicorn,1786,98,1/2-1/2,47,17,8,9,8,9
dragon_unicorn,1787,180,0-1,15,7,3,4,2,5
dragon_unicorn,1788,131,1-0,28,12,6,6,9,3
dragon_unicorn,1789,121,1-0,17,11,6,5,8,3
dragon_unicorn,1790,138,0-1,26,12,5,7,4,8
dragon_unicorn,1791,172,0-1,15,7,3,4,2,5
dragon_unicorn,1792,138,1/2-1/2,30,16,10,6,8,8
dragon_unicorn,1793,143,1-0,22,8,2,6,7,1
dragon_unicorn,1794,131,1-0,16,8,4,4,5,3
dragon_unicorn,1795,131,1-0,13,7,3,4,5,2
dragon_unicorn,1796,128,0-1,21,13,9,4,5,8
dragon_unicorn,1797,107,1-0,23,11,6,5,8,3
dragon_unicorn,1798,123,1-0,28,10,4,6,8,2
dragon_unicorn,1799,47,1/2-1/2,69,25,10,15,13,12
dragon_unicorn,1800,202,0-1,12,6,1,5,1,5
dragon_unicorn,1801,121,1-0,11,7,3,4,5,2
dragon_unicorn,1802,282,0-1,28,8,1,7,3,5
dragon_unicorn,1803,157,1-0,21,7,1,6,6,1
dragon_unicorn,1804,262,1/2-1/2,3,3,0,3,2,1
dragon_unicorn,1805,152,0-1,27,11,6,5,2,9
dragon_unicorn,1806,75,1-0,28,14,8,6,9,5
dragon_unicorn,1807,61,1-0,40,20,13,7,11,9
dragon_unicorn,1808,99,1-0,30,14,8,6,9,5
dragon_unicorn,1809,73,1-0,24,14,9,5,10,4
dragon_unicorn,1810,190,1/2-1/2,10,6,2,4,3,3
dragon_unicorn,1811,129,1-0,6,4,1,3,3,1
dragon_unicorn,1812,286,0-1,7,5,1,4,1,4
dragon_unicorn,1813,133,1-0,20,8,3,5,6,2
dragon_unicorn,1814,125,1-0,22,8,4,4,7,1
dragon_unicorn,1815,183,1-0,12,4,0,4,3,1
dragon_unicorn,1816,84,0-1,34,14,6,8,3,11
dragon_unicorn,1817,139,1-0,13,7,4,3,6,1
dragon_unicorn,1818,192,0-1,19,7,2,5,1,6
dragon_unicorn,1819,278,1/2-1/2,11,5,0,5,2,3
dragon_unicorn,1820,90,0-1,30,16,10,6,8,8
dragon_unicorn,1821,149,1-0,14,8,3,5,7,1
dragon_unicorn,1822,111,1-0,26,10,5,5,9,1
dragon_unicorn,1823,126,0-1,22,8,2,6,1,7
dragon_unicorn,1824,166,0-1,17,7,2,5,2,5
dragon_unicorn,1825,270,0-1,15,5,0,5,1,4
dragon_unicorn,1826,142,1/2-1/2,0,2,0,2,1,1
dragon_unicorn,1827,307,1-0,12,4,0,4,3,1
dragon_unicorn,1828,127,1-0,15,7,3,4,5,2
dragon_unicorn,1829,140,0-1,12,4,0,4,1,3
dragon_unicorn,1830,127,1/2-1/2,18,8,2,6,4,4
dragon_unicorn,1831,178,0-1,8,8,5,3,2,6
dragon_unicorn,1832,132,1/2-1/2,3,3,0,3,1,2
dragon_unicorn,1833,150,0-1,20,10,5,5,3,7
dragon_unicorn,1834,123,1-0,24,12,7,5,8,4
dragon_unicorn,1835,109,1-0,20,10,5,5,7,3
dragon_unicorn,1836,172,1/2-1/2,21,7,2,5,4,3
dragon_unicorn,1837,132,0-1,39,17,9,8,5,12
dragon_unicorn,1838,81,1-0,26,14,9,5,11,3
dragon_unicorn,1839,90,0-1,19,13,8,5,6,7
dragon_unicorn,1840,97,1-0,48,18,8,10,10,8
dragon_unicorn,1841,136,0-1,13,5,1,4,1,4
dragon_unicorn,1842,314,1/2-1/2,14,12,8,4,6,6
dragon_unicorn,1843,220,0-1,23,7,1,6,1,6
dragon_unicorn,1844,161,1-0,18,10,6,4,6,4
dragon_unicorn,1845,132,0-1,26,8,2,6,1,7
dragon_unicorn,1846,157,1-0,5,3,0,3,2,1
dragon_unicorn,1847,117,1-0,20,10,4,6,8,2
dragon_unicorn,1848,77,1-0,45,19,11,8,10,9
dragon_unicorn,1849,125,1-0,12,8,4,4,7,1
dragon_unicorn,1850,306,1/2-1/2,6,4,0,4,1,3
dragon_unicorn,1851,133,1-0,16,8,4,4,5,3
dragon_unicorn,1852,116,0-1,20,12,7,5,5,7
dragon_unicorn,1853,93,1-0,21,11,6,5,7,4
dragon_unicorn,1854,90,0-1,24,12,7,5,5,7
dragon_unicorn,1855,57,1-0,77,25,9,16,12,13
dragon_unicorn,1856,133,1-0,14,8,4,4,7,1
dragon_unicorn,1857,180,0-1,13,5,1,4,1,4
dragon_unicorn,1858,124,0-1,22,12,6,6,4,8
dragon_unicorn,1859,122,1/2-1/2,30,10,4,6,4,6
dragon_unicorn,1860,278,1/2-1/2,11,5,1,4,3,2
dragon_unicorn,1861,176,0-1,5,3,0,3,1,2
dragon_unicorn,1862,257,1/2-1/2,0,2,0,2,1,1
dragon_unicorn,1863,105,1-0,21,11,7,4,8,3
dragon_unicorn,1864,131,1-0,20,8,3,5,6,2
dragon_unicorn,1865,125,1-0,17,9,5,4,6,3
dragon_unicorn,1866,141,1-0,25,9,4,5,7,2
dragon_unicorn,1867,53,1-0,67,27,13,14,15,12
dragon_unicorn,1868,218,0-1,8,4,0,4,1,3
dragon_unicorn,1869,100,0-1,20,12,8,4,5,7
dragon_unicorn,1870,137,1-0,18,8,3,5,7,1
dragon_unicorn,1871,130,0-1,22,10,4,6,3,7
dragon_unicorn,1872,151,1-0,19,7,2,5,6,1
dragon_unicorn,1873,107,1-0,23,9,3,6,8,1
dragon_unicorn,1874,113,1-0,25,13,6,7,9,4
dragon_unicorn,1875,184,1/2-1/2,0,2,0,2,1,1
dragon_unicorn,1876,89,1-0,23,11,6,5,9,2
dragon_unicorn,1877,117,1-0,18,8,3,5,7,1
dragon_unicorn,1878,191,1-0,15,5,0,5,4,1
dragon_unicorn,1879,159,1-0,20,6,0,6,4,2
dragon_unicorn,1880,270,1/2-1/2,4,6,4,2,3,3
dragon_unicorn,1881,221,1/2-1/2,0,2,0,2,1,1
dragon_unicorn,1882,153,1-0,16,8,4,4,6,2
dragon_unicorn,1883,81,1-0,44,18,9,9,12,6
dragon_unicorn,1884,91,1-0,18,10,6,4,6,4
dragon_unicorn,1885,169,1-0,8,4,0,4,3,1
dragon_unicorn,1886,144,0-1,21,13,8,5,4,9
dragon_unicorn,1887,175,1-0,26,6,0,6,5,1
dragon_unicorn,1888,155,1-0,19,9,3,6,6,3
dragon_unicorn,1889,131,1-0,16,8,4,4,6,2
dragon_unicorn,1890,76,0-1,44,18,10,8,6,12
dragon_unicorn,1891,161,1-0,19,7,2,5,6,1
dragon_unicorn,1892,133,1-0,14,6,2,4,5,1
dragon_unicorn,1893,113,1-0,22,10,5,5,7,3
dragon_unicorn,1894,166,0-1,15,7,3,4,2,5
dragon_unicorn,1895,426,1/2-1/2,6,4,0,4,2,2
dragon_unicorn,1896,140,0-1,15,5,1,4,1,4
dragon_unicorn,1897,138,0-1,22,8,2,6,2,6
dragon_unicorn,1898,143,1-0,22,6,1,5,5,1
dragon_unicorn,1899,55,1/2-1/2,86,28,12,16,13,15
dragon_unicorn,1900,79,1-0,20,12,7,5,9,3
dragon_unicorn,1901,120,0-1,34,12,5,7,5,7
dragon_unicorn,1902,142,0-1,17,5,0,5,1,4
dragon_unicorn,1903,198,0-1,21,7,1,6,1,6
dragon_unicorn,1904,204,0-1,15,7,2,5,1,6
dragon_unicorn,1905,218,1/2-1/2,3,3,0,3,1,2
dragon_unicorn,1906,125,1-0,14,6,2,4,5,1
dragon_unicorn,1907,144,0-1,12,6,3,3,1,5
dragon_unicorn,1908,162,0-1,20,8,2,6,2,6
dragon_unicorn,1909,91,1-0,34,16,9,7,10,6
dragon_unicorn,1910,147,1-0,14,6,2,4,5,1
dragon_unicorn,1911,97,1-0,25,15,10,5,10,5
dragon_unicorn,1912,161,1-0,17,5,0,5,4,1
dragon_unicorn,1913,88,0-1,28,10,3,7,2,8
dragon_unicorn,1914,107,1-0,17,9,5,4,6,3
dragon_unicorn,1915,187,1-0,14,6,2,4,5,1
dragon_unicorn,1916,167,1-0,18,6,1,5,5,1
dragon_unicorn,1917,87,1-0,29,13,7,6,8,5
dragon_unicorn,1918,99,1-0,48,20,11,9,10,10
dragon_unicorn,1919,231,1/2-1/2,6,4,0,4,2,2
dragon_unicorn,1920,175,1-0,9,3,0,3,2,1
dragon_unicorn,1921,214,1/2-1/2,8,4,0,4,2,2
dragon_unicorn,1922,182,0-1,15,5,0,5,1,4
dragon_unicorn,1923,127,1-0,20,10,5,5,8,2
dragon_unicorn,1924,118,0-1,17,7,2,5,2,5
dragon_unicorn,1925,176,0-1,5,3,0,3,1,2
dragon_unicorn,1926,146,1/2-1/2,17,9,4,5,5,4
dragon_unicorn,1927,93,1/2-1/2,48,20,11,9,9,11
dragon_unicorn,1928,145,1/2-1/2,10,4,0,4,2,2
dragon_unicorn,1929,185,1-0,16,6,1,5,5,1
dragon_unicorn,1930,129,1-0,16,6,2,4,4,2
dragon_unicorn,1931,171,1-0,20,6,0,6,5,1
dragon_unicorn,1932,111,1-0,20,12,8,4,8,4
dragon_unicorn,1933,144,0-1,23,9,3,6,1,8
dragon_unicorn,1934,147,1-0,18,8,3,5,7,1
dragon_unicorn,1935,108,0-1,30,14,8,6,5,9
dragon_unicorn,1936,94,0-1,21,11,5,6,3,8
dragon_unicorn,1937,88,0-1,24,12,7,5,4,8
dragon_unicorn,1938,196,1/2-1/2,3,3,0,3,1,2
dragon_unicorn,1939,269,1/2-1/2,10,4,0,4,2,2
dragon_unicorn,1940,157,1-0,25,7,1,6,6,1
dragon_unicorn,1941,118,0-1,37,11,3,8,3,8
dragon_unicorn,1942,256,0-1,17,9,5,4,3,6
dragon_unicorn,1943,105,1-0,16,8,4,4,6,2
dragon_unicorn,1944,117,1-0,13,5,1,4,4,1
dragon_unicorn,1945,137,1-0,9,7,4,3,6,1
dragon_unicorn,1946,184,1/2-1/2,3,3,0,3,1,2
dragon_unicorn,1947,190,1/2-1/2,13,11,7,4,5,6
dragon_unicorn,1948,111,1/2-1/2,13,7,3,4,3,4
dragon_unicorn,1949,89,1-0,18,10,6,4,8,2
dragon_unicorn,1950,143,1-0,11,7,3,4,5,2
dragon_unicorn,1951,174,0-1,12,4,0,4,1,3
dragon_unicorn,1952,64,0-1,44,18,9,9,8,10
dragon_unicorn,1953,146,0-1,16,6,1,5,1,5
dragon_unicorn,1954,148,0-1,14,6,2,4,2,4
dragon_unicorn,1955,129,1-0,19,7,2,5,6,1
dragon_unicorn,1956,183,1-0,17,5,0,5,4,1
dragon_unicorn,1957,207,1-0,16,6,1,5,4,2
dragon_unicorn,1958,80,0-1,33,15,8,7,5,10
dragon_unicorn,1959,134,0-1,12,4,0,4,1,3
dragon_unicorn,1960,219,1/2-1/2,18,8,2,6,4,4
dragon_unicorn,1961,117,1-0,24,10,4,6,8,2
dragon_unicorn,1962,113,1-0,24,10,4,6,8,2
dragon_unicorn,1963,136,0-1,26,12,6,6,3,9
dragon_unicorn,1964,106,0-1,27,11,5,6,2,9
dragon_unicorn,1965,109,1-0,22,10,5,5,6,4
dragon_unicorn,1966,150,1/2-1/2,3,3,0,3,1,2
dragon_unicorn,1967,100,0-1,36,18,10,8,7,11
dragon_unicorn,1968,157,1-0,17,5,0,5,4,1
dragon_unicorn,1969,129,1-0,19,9,4,5,7,2
dragon_unicorn,1970,124,0-1,19,9,4,5,2,7
dragon_unicorn,1971,176,0-1,10,6,2,4,1,5
dragon_unicorn,1972,125,1-0,19,9,4,5,7,2
dragon_unicorn,1973,171,1-0,14,6,2,4,5,1
dragon_unicorn,1974,139,1-0,28,12,7,5,8,4
dragon_unicorn,1975,108,0-1,39,17,8,9,6,11
dragon_unicorn,1976,153,1-0,26,10,5,5,8,2
dragon_unicorn,1977,148,0-1,20,8,2,6,1,7
dragon_unicorn,1978,132,0-1,22,12,7,5,4,8
dragon_unicorn,1979,162,0-1,8,4,0,4,1,3
dragon_unicorn,1980,133,1-0,20,8,3,5,6,2
dragon_unicorn,1981,145,1/2-1/2,13,7,3,4,3,4
dragon_unicorn,1982,167,1-0,24,12,7,5,7,5
dragon_unicorn,1983,130,0-1,30,10,4,6,4,6
dragon_unicorn,1984,157,1-0,20,8,2,6,7,1
dragon_unicorn,1985,191,1/2-1/2,11,5,1,4,2,3
dragon_unicorn,1986,177,1-0,7,5,2,3,4,1
dragon_unicorn,1987,161,1-0,23,7,2,5,6,1
dragon_unicorn,1988,132,0-1,15,5,0,5,1,4
dragon_unicorn,1989,164,0-1,16,6,1,5,1,5
dragon_unicorn,1990,175,1-0,5,3,0,3,2,1
dragon_unicorn,1991,122,1/2-1/2,32,14,8,6,7,7
dragon_unicorn,1992,188,0-1,20,6,2,4,1,5
dragon_unicorn,1993,117,1-0,12,6,3,3,4,2
dragon_unicorn,1994,116,0-1,22,10,5,5,4,6
dragon_unicorn,1995,192,0-1,20,10,5,5,3,7
dragon_unicorn,1996,138,0-1,16,6,1,5,1,5
dragon_unicorn,1997,150,0-1,27,13,9,4,5,8
dragon_unicorn,1998,174,0-1,5,3,0,3,1,2
dragon_unicorn,1999,129,1/2-1/2,15,11,7,4,6,5
dragon_unicorn,2000,174,0-1,17,5,0,5,1,4
dragon_unicorn,2001,139,1-0,17,7,2,5,5,2
dragon_unicorn,2002,59,1-0,57,21,10,11,14,7
dragon_unicorn,2003,155,1-0,21,9,4,5,8,1
dragon_unicorn,2004,160,0-1,13,5,1,4,1,4
dragon_unicorn,2005,201,1-0,16,6,1,5,5,1
dragon_unicorn,2006,99,1-0,34,14,6,8,9,5
dragon_unicorn,2007,101,1-0,29,15,9,6,10,5
dragon_unicorn,2008,135,1-0,17,9,5,4,6,3
dragon_unicorn,2009,241,1/2-1/2,18,6,1,5,2,4
dragon_unicorn,2010,158,0-1,12,6,1,5,1,5
dragon_unicorn,2011,167,1-0,15,5,0,5,4,1
dragon_unicorn,2012,139,1/2-1/2,14,8,4,4,4,4
dragon_unicorn,2013,154,0-1,15,7,3,4,2,5
dragon_unicorn,2014,67,1-0,45,19,10,9,11,8
dragon_unicorn,2015,86,0-1,63,23,12,11,11,12
dragon_unicorn,2016,115,1-0,21,9,4,5,6,3
dragon_unicorn,2017,138,1/2-1/2,3,3,0,3,1,2
dragon_unicorn,2018,57,1-0,55,23,11,12,14,9
dragon_unicorn,2019,100,0-1,29,13,6,7,4,9
dragon_unicorn,2020,103,1/2-1/2,22,12,6,6,7,5
dragon_unicorn,2021,117,1-0,21,7,1,6,6,1
dragon_unicorn,2022,163,1/2-1/2,25,17,10,7,8,9
dragon_unicorn,2023,132,0-1,22,8,4,4,2,6
dragon_unicorn,2024,139,1-0,22,8,2,6,6,2
dragon_unicorn,2025,86,0-1,46,18,9,9,7,11
dragon_unicorn,2026,250,1/2-1/2,6,4,1,3,2,2
dragon_unicorn,2027,135,1-0,20,6,2,4,5,1
dragon_unicorn,2028,57,1-0,37,17,9,8,10,7
dragon_unicorn,2029,127,1-0,14,6,2,4,4,2
dragon_unicorn,2030,165,1-0,25,11,5,6,8,3
dragon_unicorn,2031,67,1/2-1/2,60,22,9,13,10,12
dragon_unicorn,2032,77,1-0,42,16,7,9,9,7
dragon_unicorn,2033,124,0-1,14,8,3,5,2,6
dragon_unicorn,2034,161,1-0,19,7,2,5,6,1
dragon_unicorn,2035,178,0-1,18,8,3,5,1,7
dragon_unicorn,2036,145,1-0,13,9,5,4,6,3
dragon_unicorn,2037,104,0-1,36,16,8,8,7,9
dragon_unicorn,2038,128,0-1,24,10,4,6,3,7
dragon_unicorn,2039,151,1-0,20,6,0,6,4,2
dragon_unicorn,2040,131,1-0,18,10,6,4,7,3
dragon_unicorn,2041,161,1-0,18,6,1,5,4,2
dragon_unicorn,2042,184,1/2-1/2,20,10,4,6,4,6
dragon_unicorn,2043,143,1-0,20,8,3,5,6,2
dragon_unicorn,2044,128,0-1,25,9,2,7,1,8
dragon_unicorn,2045,248,0-1,21,9,3,6,2,7
dragon_unicorn,2046,194,0-1,17,9,5,4,4,5
dragon_unicorn,2047,373,1-0,9,3,0,3,2,1
dragon_unicorn,2048,105,1-0,19,9,5,4,8,1
dragon_unicorn,2049,163,1-0,14,6,2,4,5,1
dragon_unicorn,2050,241,1-0,13,5,1,4,4,1
dragon_unicorn,2051,144,0-1,15,5,1,4,1,4
dragon_unicorn,2052,133,1-0,23,7,2,5,6,1
dragon_unicorn,2053,161,1/2-1/2,14,8,2,6,4,4
dragon_unicorn,2054,141,1-0,18,8,3,5,6,2
dragon_unicorn,2055,153,1-0,14,6,2,4,5,1
dragon_unicorn,2056,133,1-0,28,10,2,8,8,2
dragon_unicorn,2057,135,1-0,18,8,3,5,7,1
dragon_unicorn,2058,154,0-1,14,6,2,4,2,4
dragon_unicorn,2059,171,1-0,6,4,1,3,3,1
dragon_unicorn,2060,137,1-0,19,9,4,5,6,3
dragon_unicorn,2061,195,1-0,18,6,1,5,4,2
dragon_unicorn,2062,209,1-0,8,4,0,4,3,1
dragon_unicorn,2063,286,1/2-1/2,60,26,16,10,13,13
dragon_unicorn,2064,80,0-1,31,13,7,6,4,9
dragon_unicorn,2065,98,0-1,33,15,8,7,5,10
dragon_unicorn,2066,158,0-1,23,9,3,6,3,6
dragon_unicorn,2067,153,1-0,22,8,2,6,7,1
dragon_unicorn,2068,179,1-0,20,6,0,6,5,1
dragon_unicorn,2069,149,1-0,19,5,1,4,4,1
dragon_unicorn,2070,177,1-0,6,4,1,3,3,1
dragon_unicorn,2071,157,1-0,28,8,1,7,6,2
dragon_unicorn,2072,151,1-0,9,7,4,3,5,2
dragon_unicorn,2073,283,1-0,15,5,0,5,4,1
dragon_unicorn,2074,151,1-0,11,7,3,4,5,2
dragon_unicorn,2075,108,0-1,19,7,2,5,1,6
dragon_unicorn,2076,159,1-0,16,6,2,4,5,1
dragon_unicorn,2077,122,0-1,18,10,6,4,3,7
dragon_unicorn,2078,106,1/2-1/2,27,13,7,6,7,6
dragon_unicorn,2079,136,0-1,18,10,6,4,2,8
dragon_unicorn,2080,152,0-1,20,8,3,5,1,7
dragon_unicorn,2081,227,1-0,5,3,0,3,2,1
dragon_unicorn,2082,159,1-0,17,5,0,5,4,1
dragon_unicorn,2083,191,1/2-1/2,11,5,1,4,2,3
dragon_unicorn,2084,185,1-0,20,6,0,6,5,1
dragon_unicorn,2085,265,1/2-1/2,6,4,0,4,2,2
dragon_unicorn,2086,93,1-0,31,13,7,6,8,5
dragon_unicorn,2087,95,1-0,23,11,6,5,8,3
dragon_unicorn,2088,130,0-1,16,6,2,4,2,4
dragon_unicorn,2089,132,0-1,22,10,5,5,4,6
dragon_unicorn,2090,171,1-0,13,5,0,5,4,1
dragon_unicorn,2091,183,1-0,21,7,1,6,6,1
dragon_unicorn,2092,132,1/2-1/2,40,16,7,9,8,8
dragon_unicorn,2093,135,1-0,8,6,3,3,5,1
dragon_unicorn,2094,81,1-0,34,16,9,7,11,5
dragon_unicorn,2095,158,1/2-1/2,12,6,2,4,3,3
dragon_unicorn,2096,109,1-0,19,9,4,5,8,1
dragon_unicorn,2097,133,1-0,17,11,6,5,7,4
dragon_unicorn,2098,316,1/2-1/2,8,6,2,4,3,3
dragon_unicorn,2099,112,0-1,26,12,6,6,4,8
dragon_unicorn,2100,178,0-1,21,5,0,5,1,4
dragon_unicorn,2101,118,0-1,23,9,3,6,1,8
dragon_unicorn,2102,288,0-1,8,4,0,4,1,3
dragon_unicorn,2103,148,0-1,21,9,3,6,3,6
dragon_unicorn,2104,139,1/2-1/2,6,8,6,2,4,4
dragon_unicorn,2105,99,1-0,20,10,5,5,7,3
dragon_unicorn,2106,67,1/2-1/2,35,17,10,7,8,9
dragon_unicorn,2107,133,1/2-1/2,12,6,2,4,3,3
dragon_unicorn,2108,140,0-1,12,8,4,4,1,7
dragon_unicorn,2109,270,1/2-1/2,79,27,14,13,14,13
dragon_unicorn,2110,150,0-1,16,6,1,5,1,5
dragon_unicorn,2111,324,1/2-1/2,6,4,1,3,2,2
dragon_unicorn,2112,219,1-0,18,6,0,6,5,1
dragon_unicorn,2113,149,1-0,14,8,4,4,7,1
dragon_unicorn,2114,100,0-1,42,18,10,8,8,10
dragon_unicorn,2115,245,1/2-1/2,8,4,0,4,2,2
dragon_unicorn,2116,185,1-0,13,5,1,4,4,1
dragon_unicorn,2117,128,0-1,30,10,3,7,2,8
dragon_unicorn,2118,121,1-0,19,9,4,5,7,2
dragon_unicorn,2119,138,0-1,22,6,1,5,2,4
dragon_unicorn,2120,78,1/2-1/2,71,21,9,12,10,11
dragon_unicorn,2121,84,1/2-1/2,53,17,7,10,10,7
dragon_unicorn,2122,142,0-1,20,8,2,6,1,7
dragon_unicorn,2123,143,1-0,18,8,3,5,6,2
dragon_unicorn,2124,97,1-0,31,13,7,6,10,3
dragon_unicorn,2125,250,1/2-1/2,14,6,1,5,3,3
dragon_unicorn,2126,152,0-1,23,11,6,5,1,10
dragon_unicorn,2127,153,1-0,23,11,5,6,9,2
dragon_unicorn,2128,119,1-0,19,11,7,4,7,4
dragon_unicorn,2129,227,1-0,18,6,0,6,5,1
dragon_unicorn,2130,95,1-0,28,14,8,6,11,3
dragon_unicorn,2131,183,1-0,13,5,1,4,4,1
dragon_unicorn,2132,129,1-0,27,11,5,6,7,4
dragon_unicorn,2133,196,0-1,20,12,8,4,5,7
dragon_unicorn,2134,109,1-0,23,11,6,5,8,3
dragon_unicorn,2135,304,1/2-1/2,13,7,3,4,4,3
dragon_unicorn,2136,130,0-1,16,6,2,4,2,4
dragon_unicorn,2137,108,1/2-1/2,23,11,5,6,5,6
dragon_unicorn,2138,118,1/2-1/2,26,14,9,5,7,7
dragon_unicorn,2139,109,1-0,31,13,7,6,9,4
dragon_unicorn,2140,133,1-0,20,8,3,5,6,2
dragon_unicorn,2141,148,1/2-1/2,10,8,4,4,4,4
dragon_unicorn,2142,174,0-1,13,5,1,4,1,4
dragon_unicorn,2143,86,0-1,56,20,8,12,11,9
dragon_unicorn,2144,130,1/2-1/2,3,3,0,3,2,1
dragon_unicorn,2145,147,1-0,25,13,8,5,9,4
dragon_unicorn,2146,142,0-1,29,13,6,7,4,9
dragon_unicorn,2147,272,1/2-1/2,0,2,0,2,1,1
dragon_unicorn,2148,167,1-0,19,7,2,5,6,1
dragon_unicorn,2149,156,0-1,11,7,3,4,2,5
dragon_unicorn,2150,75,1-0,40,18,8,10,10,8
dragon_unicorn,2151,167,1-0,9,3,0,3,2,1
dragon_unicorn,2152,170,0-1,14,6,2,4,1,5
dragon_unicorn,2153,299,1-0,15,5,0,5,4,1
dragon_unicorn,2154,123,1-0,21,9,4,5,7,2
dragon_unicorn,2155,52,0-1,47,19,9,10,8,11
dragon_unicorn,2156,134,0-1,19,9,5,4,2,7
dragon_unicorn,2157,116,1/2-1/2,27,13,7,6,6,7
dragon_unicorn,2158,114,0-1,28,10,4,6,4,6
dragon_unicorn,2159,109,1-0,24,8,3,5,7,1
dragon_unicorn,2160,203,1-0,22,10,4,6,7,3
dragon_unicorn,2161,187,1-0,18,6,1,5,5,1
dragon_unicorn,2162,207,1-0,21,7,1,6,5,2
dragon_unicorn,2163,106,0-1,20,8,3,5,2,6
dragon_unicorn,2164,130,0-1,14,6,0,6,1,5
dragon_unicorn,2165,197,1-0,6,4,1,3,3,1
dragon_unicorn,2166,125,1-0,29,13,5,8,9,4
dragon_unicorn,2167,105,1-0,34,16,9,7,11,5
dragon_unicorn,2168,69,1-0,38,18,10,8,11,7
dragon_unicorn,2169,90,0-1,30,14,7,7,6,8
dragon_unicorn,2170,89,1-0,25,13,8,5,8,5
dragon_unicorn,2171,202,1/2-1/2,13,7,3,4,4,3
dragon_unicorn,2172,184,0-1,5,3,0,3,1,2
dragon_unicorn,2173,119,1-0,19,9,4,5,8,1
dragon_unicorn,2174,95,1-0,30,14,7,7,10,4
dragon_unicorn,2175,122,0-1,33,15,8,7,4,11
dragon_unicorn,2176,156,1/2-1/2,0,2,0,2,1,1
dragon_unicorn,2177,131,1-0,37,15,8,7,10,5
dragon_unicorn,2178,155,1-0,18,8,3,5,7,1
dragon_unicorn,2179,127,1-0,18,8,3,5,7,1
dragon_unicorn,2180,115,1-0,24,12,6,6,8,4
dragon_unicorn,2181,129,1-0,24,8,3,5,6,2
dragon_unicorn,2182,188,0-1,13,5,1,4,1,4
dragon_unicorn,2183,184,1/2-1/2,21,15,9,6,7,8
dragon_unicorn,2184,78,0-1,28,12,7,5,4,8
dragon_unicorn,2185,156,0-1,19,9,5,4,3,6
dragon_unicorn,2186,78,1/2-1/2,38,18,11,7,10,8
dragon_unicorn,2187,113,1-0,26,12,7,5,9,3
dragon_unicorn,2188,174,0-1,21,7,1,6,2,5
dragon_unicorn,2189,193,1-0,5,3,0,3,2,1
dragon_unicorn,2190,220,1/2-1/2,14,8,4,4,4,4
dragon_unicorn,2191,81,1-0,34,16,9,7,11,5
dragon_unicorn,2192,163,1-0,14,6,2,4,4,2
dragon_unicorn,2193,123,1-0,34,10,3,7,6,4
dragon_unicorn,2194,182,1/2-1/2,26,12,6,6,5,7
dragon_unicorn,2195,70,0-1,37,15,7,8,6,9
dragon_unicorn,2196,65,1/2-1/2,63,23,10,13,12,11
dragon_unicorn,2197,81,1/2-1/2,16,10,6,4,5,5
dragon_unicorn,2198,177,1-0,22,6,1,5,5,1
dragon_unicorn,2199,135,1-0,17,7,3,4,6,1
dragon_unicorn,2200,49,1/2-1/2,92,30,12,18,15,15
dragon_unicorn,2201,146,0-1,21,11,6,5,4,7
dragon_unicorn,2202,113,1-0,15,9,5,4,7,2
dragon_unicorn,2203,230,1/2-1/2,6,8,6,2,4,4
dragon_unicorn,2204,99,1-0,23,13,8,5,9,4
dragon_unicorn,2205,184,0-1,5,3,0,3,1,2
dragon_unicorn,2206,268,1/2-1/2,3,3,0,3,1,2
dragon_unicorn,2207,101,1-0,21,11,6,5,8,3
dragon_unicorn,2208,118,0-1,17,9,5,4,2,7
dragon_unicorn,2209,65,1-0,29,15,9,6,9,6
dragon_unicorn,2210,85,1-0,19,13,8,5,8,5
dragon_unicorn,2211,270,0-1,9,3,0,3,1,2
dragon_unicorn,2212,138,0-1,16,10,7,3,4,6
dragon_unicorn,2213,166,1/2-1/2,14,8,4,4,4,4
dragon_unicorn,2214,120,0-1,18,10,6,4,2,8
dragon_unicorn,2215,142,0-1,23,9,3,6,2,7
dragon_unicorn,2216,242,0-1,12,4,0,4,1,3
dragon_unicorn,2217,121,1-0,31,15,8,7,10,5
dragon_unicorn,2218,201,1/2-1/2,3,3,0,3,2,1
dragon_unicorn,2219,253,1-0,22,6,1,5,5,1
dragon_unicorn,2220,236,1/2-1/2,0,2,0,2,1,1
dragon_unicorn,2221,169,1-0,12,4,0,4,3,1
dragon_unicorn,2222,204,0-1,12,4,0,4,1,3
dragon_unicorn,2223,143,1-0,18,6,0,6,5,1
dragon_unicorn,2224,121,1-0,19,11,7,4,6,5
dragon_unicorn,2225,171,1-0,24,8,1,7,6,2
dragon_unicorn,2226,144,1/2-1/2,30,10,4,6,4,6
dragon_unicorn,2227,174,0-1,6,4,1,3,1,3
dragon_unicorn,2228,190,0-1,7,5,2,3,1,4
dragon_unicorn,2229,156,0-1,19,9,4,5,3,6
dragon_unicorn,2230,148,0-1,25,11,5,6,3,8
dragon_unicorn,2231,119,1-0,28,10,4,6,7,3
dragon_unicorn,2232,218,1/2-1/2,0,2,0,2,1,1
dragon_unicorn,2233,238,0-1,14,6,2,4,2,4
dragon_unicorn,2234,88,0-1,31,15,10,5,6,9
dragon_unicorn,2235,157,1-0,21,7,1,6,6,1
dragon_unicorn,2236,87,1-0,55,25,13,12,12,13
dragon_unicorn,2237,217,1/2-1/2,10,8,4,4,4,4
dragon_unicorn,2238,173,1/2-1/2,0,2,0,2,1,1
dragon_unicorn,2239,150,0-1,23,9,5,4,2,7
dragon_unicorn,2240,157,1/2-1/2,3,3,0,3,2,1
dragon_unicorn,2241,126,0-1,17,9,5,4,2,7
dragon_unicorn,2242,150,0-1,19,7,2,5,1,6
dragon_unicorn,2243,118,0-1,18,10,5,5,2,8
dragon_unicorn,2244,241,1/2-1/2,18,6,0,6,3,3
dragon_unicorn,2245,169,1/2-1/2,3,3,0,3,2,1
dragon_unicorn,2246,106,0-1,25,11,5,6,4,7
dragon_unicorn,2247,398,0-1,5,3,0,3,1,2
dragon_unicorn,2248,164,0-1,9,7,4,3,2,5
dragon_unicorn,2249,101,1/2-1/2,78,26,12,14,14,12
dragon_unicorn,2250,137,1-0,18,10,5,5,8,2
dragon_unicorn,2251,148,1/2-1/2,0,2,0,2,1,1
dragon_unicorn,2252,111,1-0,21,9,4,5,6,3
dragon_unicorn,2253,111,1-0,22,8,2,6,7,1
dragon_unicorn,2254,182,0-1,17,9,4,5,2,7
dragon_unicorn,2255,152,0-1,20,8,3,5,3,5
dragon_unicorn,2256,153,1-0,14,6,2,4,4,2
dragon_unicorn,2257,154,0-1,17,7,2,5,1,6
dragon_unicorn,2258,157,1-0,12,6,2,4,5,1
dragon_unicorn,2259,140,0-1,24,8,3,5,2,6
dragon_unicorn,2260,116,0-1,22,12,7,5,4,8
dragon_unicorn,2261,77,1-0,33,13,6,7,8,5
dragon_unicorn,2262,115,1-0,22,10,5,5,7,3
dragon_unicorn,2263,174,1/2-1/2,3,3,0,3,1,2
dragon_unicorn,2264,174,1/2-1/2,11,9,5,4,5,4
dragon_unicorn,2265,106,0-1,15,9,5,4,2,7
dragon_unicorn,2266,112,0-1,27,13,7,6,3,10
dragon_unicorn,2267,486,1/2-1/2,31,13,7,6,7,6
dragon_unicorn,2268,204,0-1,20,6,0,6,1,5
dragon_unicorn,2269,169,1/2-1/2,23,9,3,6,4,5
dragon_unicorn,2270,177,1-0,15,5,1,4,4,1
dragon_unicorn,2271,179,1-0,19,7,2,5,5,2
dragon_unicorn,2272,95,1-0,24,10,5,5,6,4
dragon_unicorn,2273,126,0-1,18,10,6,4,4,6
dragon_unicorn,2274,119,1-0,20,12,8,4,8,4
dragon_unicorn,2275,156,0-1,20,10,5,5,2,8
dragon_unicorn,2276,91,1-0,18,10,6,4,7,3
dragon_unicorn,2277,99,1-0,23,11,6,5,9,2
dragon_unicorn,2278,158,0-1,26,12,8,4,4,8
dragon_unicorn,2279,191,1-0,16,8,4,4,6,2
dragon_unicorn,2280,127,1-0,22,10,5,5,7,3
dragon_unicorn,2281,147,1-0,16,6,1,5,5,1
dragon_unicorn,2282,170,0-1,18,6,1,5,3,3
dragon_unicorn,2283,276,1/2-1/2,1,3,1,2,1,2
dragon_unicorn,2284,182,0-1,21,7,1,6,1,6
dragon_unicorn,2285,118,0-1,25,11,5,6,2,9
dragon_unicorn,2286,195,1-0,18,8,3,5,6,2
dragon_unicorn,2287,115,1-0,34,14,6,8,8,6
dragon_unicorn,2288,151,1-0,16,6,1,5,4,2
dragon_unicorn,2289,121,1-0,20,10,5,5,6,4
dragon_unicorn,2290,129,1-0,13,7,3,4,6,1
dragon_unicorn,2291,137,1/2-1/2,13,7,3,4,4,3
dragon_unicorn,2292,151,1/2-1/2,3,3,0,3,2,1
dragon_unicorn,2293,129,1-0,20,10,4,6,8,2
dragon_unicorn,2294,139,1-0,16,6,1,5,5,1
dragon_unicorn,2295,125,1-0,18,8,3,5,6,2
dragon_unicorn,2296,135,1-0,18,8,3,5,6,2
dragon_unicorn,2297,252,0-1,5,3,0,3,1,2
dragon_unicorn,2298,72,0-1,83,27,11,16,13,14
dragon_unicorn,2299,125,1-0,20,10,5,5,8,2
dragon_unicorn,2300,132,0-1,13,7,4,3,4,3
dragon_unicorn,2301,88,0-1,45,21,11,10,9,12
dragon_unicorn,2302,256,1/2-1/2,3,3,0,3,2,1
dragon_unicorn,2303,380,1/2-1/2,16,6,0,6,3,3
dragon_unicorn,2304,140,0-1,19,11,7,4,3,8
dragon_unicorn,2305,200,1/2-1/2,0,2,0,2,1,1
dragon_unicorn,2306,144,1/2-1/2,3,3,0,3,2,1
dragon_unicorn,2307,223,1-0,7,5,1,4,4,1
dragon_unicorn,2308,143,1-0,15,7,3,4,5,2
dragon_unicorn,2309,135,1-0,21,11,5,6,8,3
dragon_unicorn,2310,160,0-1,10,8,4,4,3,5
dragon_unicorn,2311,135,1-0,19,7,2,5,6,1
dragon_unicorn,2312,163,1-0,17,7,2,5,6,1
dragon_unicorn,2313,166,0-1,17,7,2,5,1,6
dragon_unicorn,2314,115,1/2-1/2,31,15,7,8,9,6
dragon_unicorn,2315,252,0-1,42,16,8,8,7,9
dragon_unicorn,2316,183,1/2-1/2,4,6,4,2,3,3
dragon_unicorn,2317,129,1-0,28,8,2,6,6,2
dragon_unicorn,2318,138,0-1,14,6,2,4,1,5
dragon_unicorn,2319,86,1/2-1/2,40,18,10,8,9,9
dragon_unicorn,2320,208,0-1,20,8,3,5,1,7
dragon_unicorn,2321,177,1-0,16,8,4,4,6,2
dragon_unicorn,2322,148,0-1,19,7,1,6,1,6
dragon_unicorn,2323,126,0-1,21,11,6,5,3,8
dragon_unicorn,2324,90,0-1,36,12,4,8,4,8
dragon_unicorn,2325,89,1-0,16,10,6,4,8,2
dragon_unicorn,2326,164,0-1,23,9,3,6,2,7
dragon_unicorn,2327,141,1-0,23,7,2,5,6,1
dragon_unicorn,2328,184,0-1,12,6,1,5,1,5
dragon_unicorn,2329,89,1-0,36,14,7,7,11,3
dragon_unicorn,2330,124,0-1,36,14,7,7,7,7
dragon_unicorn,2331,159,1-0,12,6,2,4,5,1
dragon_unicorn,2332,101,1-0,22,12,8,4,9,3
dragon_unicorn,2333,129,1-0,12,6,3,3,4,2
dragon_unicorn,2334,119,1/2-1/2,15,9,5,4,4,5
dragon_unicorn,2335,144,0-1,19,7,2,5,2,5
dragon_unicorn,2336,282,0-1,19,11,6,5,4,7
dragon_unicorn,2337,105,1-0,22,8,1,7,4,4
dragon_unicorn,2338,194,0-1,5,3,0,3,1,2
dragon_unicorn,2339,132,0-1,21,11,6,5,5,6
dragon_unicorn,2340,106,0-1,17,9,5,4,2,7
dragon_unicorn,2341,132,0-1,25,13,7,6,4,9
dragon_unicorn,2342,240,0-1,12,4,0,4,1,3
dragon_unicorn,2343,340,0-1,21,7,1,6,2,5
dragon_unicorn,2344,99,1-0,35,15,6,9,10,5
dragon_unicorn,2345,125,1-0,16,10,6,4,9,1
dragon_unicorn,2346,131,1-0,13,5,1,4,4,1
dragon_unicorn,2347,141,1-0,19,7,1,6,5,2
dragon_unicorn,2348,138,0-1,26,10,5,5,2,8
dragon_unicorn,2349,186,0-1,18,8,3,5,1,7
dragon_unicorn,2350,152,0-1,19,9,4,5,2,7
dragon_unicorn,2351,165,1-0,19,7,2,5,6,1
dragon_unicorn,2352,137,1-0,22,10,5,5,7,3
dragon_unicorn,2353,121,1-0,12,8,4,4,7,1
dragon_unicorn,2354,128,0-1,16,10,6,4,4,6
dragon_unicorn,2355,135,1-0,23,9,3,6,7,2
dragon_unicorn,2356,151,1-0,16,6,1,5,5,1
dragon_unicorn,2357,137,1-0,23,7,2,5,6,1
dragon_unicorn,2358,121,1-0,22,10,4,6,7,3
dragon_unicorn,2359,94,1/2-1/2,15,11,7,4,5,6
dragon_unicorn,2360,128,1/2-1/2,0,2,0,2,1,1
dragon_unicorn,2361,119,1/2-1/2,12,6,2,4,3,3
dragon_unicorn,2362,129,1-0,22,10,5,5,7,3
dragon_unicorn,2363,247,1/2-1/2,11,5,1,4,2,3
dragon_unicorn,2364,132,0-1,29,11,6,5,3,8
dragon_unicorn,2365,177,1-0,10,4,0,4,3,1
dragon_unicorn,2366,145,1-0,10,8,5,3,5,3
dragon_unicorn,2367,204,0-1,21,7,1,6,1,6
dragon_unicorn,2368,113,1-0,26,12,6,6,8,4
dragon_unicorn,2369,99,1-0,9,7,3,4,5,2
dragon_unicorn,2370,61,1-0,54,20,9,11,13,7
dragon_unicorn,2371,24,1/2-1/2,87,31,13,18,15,16
dragon_unicorn,2372,132,0-1,15,7,3,4,3,4
dragon_unicorn,2373,209,1-0,15,7,3,4,4,3
dragon_unicorn,2374,137,1-0,17,7,2,5,5,2
dragon_unicorn,2375,135,1-0,17,7,3,4,6,1
dragon_unicorn,2376,167,1-0,16,6,1,5,5,1
dragon_unicorn,2377,118,1/2-1/2,29,15,7,8,7,8
dragon_unicorn,2378,396,0-1,18,10,6,4,3,7
dragon_unicorn,2379,181,1-0,15,5,0,5,4,1
dragon_unicorn,2380,73,1-0,30,16,10,6,11,5
dragon_unicorn,2381,171,1-0,17,7,2,5,6,1
dragon_unicorn,2382,141,1-0,7,5,2,3,4,1
dragon_unicorn,2383,125,1-0,18,8,4,4,5,3
dragon_unicorn,2384,149,1-0,22,8,1,7,7,1
dragon_unicorn,2385,124,0-1,24,10,4,6,2,8
dragon_unicorn,2386,125,1-0,22,10,4,6,8,2
dragon_unicorn,2387,191,1-0,18,8,3,5,6,2
dragon_unicorn,2388,146,0-1,12,8,4,4,4,4
dragon_unicorn,2389,131,1-0,31,11,4,7,8,3
dragon_unicorn,2390,144,0-1,11,7,3,4,2,5
dragon_unicorn,2391,179,1/2-1/2,10,4,0,4,2,2
dragon_unicorn,2392,148,0-1,26,10,5,5,3,7
dragon_unicorn,2393,150,0-1,15,5,1,4,1,4
dragon_unicorn,2394,125,1-0,14,6,2,4,5,1
dragon_unicorn,2395,119,1-0,21,11,6,5,8,3
dragon_unicorn,2396,157,1-0,5,3,0,3,2,1
dragon_unicorn,2397,191,1-0,18,6,0,6,5,1
dragon_unicorn,2398,173,1-0,6,4,1,3,3,1
dragon_unicorn,2399,152,0-1,13,5,1,4,2,3
dragon_unicorn,2400,192,0-1,12,4,0,4,1,3
dragon_unicorn,2401,116,0-1,23,7,1,6,1,6
dragon_unicorn,2402,127,1-0,19,7,2,5,6,1
dragon_unicorn,2403,379,1/2-1/2,9,7,3,4,4,3
dragon_unicorn,2404,152,0-1,19,7,2,5,1,6
dragon_unicorn,2405,139,1-0,21,7,1,6,6,1
dragon_unicorn,2406,39,1-0,76,26,11,15,14,12
dragon_unicorn,2407,144,0-1,27,13,7,6,5,8
dragon_unicorn,2408,137,1/2-1/2,3,3,0,3,2,1
dragon_unicorn,2409,53,1-0,79,25,11,14,13,12
dragon_unicorn,2410,132,0-1,27,9,3,6,2,7
dragon_unicorn,2411,217,1-0,12,4,0,4,3,1
dragon_unicorn,2412,101,1-0,37,15,8,7,8,7
dragon_unicorn,2413,172,0-1,15,5,0,5,1,4
dragon_unicorn,2414,316,0-1,5,3,0,3,1,2
dragon_unicorn,2415,154,0-1,24,10,4,6,2,8
dragon_unicorn,2416,116,0-1,19,9,4,5,3,6
dragon_unicorn,2417,79,1-0,34,14,6,8,9,5
dragon_unicorn,2418,148,0-1,12,4,0,4,1,3
dragon_unicorn,2419,163,1-0,15,5,0,5,4,1
dragon_unicorn,2420,154,0-1,27,11,5,6,4,7
dragon_unicorn,2421,160,0-1,21,9,4,5,3,6
dragon_unicorn,2422,164,0-1,21,7,1,6,1,6
dragon_unicorn,2423,119,1-0,16,12,8,4,7,5
dragon_unicorn,2424,196,0-1,21,9,3,6,2,7
dragon_unicorn,2425,119,1-0,18,10,6,4,8,2
dragon_unicorn,2426,264,0-1,20,8,2,6,1,7
dragon_unicorn,2427,82,0-1,28,14,8,6,4,10
dragon_unicorn,2428,192,0-1,16,6,1,5,1,5
dragon_unicorn,2429,143,1-0,17,7,2,5,6,1
dragon_unicorn,2430,178,0-1,18,6,1,5,1,5
dragon_unicorn,2431,128,0-1,16,8,3,5,2,6
dragon_unicorn,2432,142,0-1,16,8,4,4,1,7
dragon_unicorn,2433,208,1/2-1/2,10,4,0,4,2,2
dragon_unicorn,2434,129,1-0,16,6,2,4,5,1
dragon_unicorn,2435,133,1-0,18,10,6,4,5,5
dragon_unicorn,2436,148,0-1,11,5,2,3,2,3
dragon_unicorn,2437,279,1/2-1/2,13,5,0,5,3,2
dragon_unicorn,2438,125,1-0,19,11,7,4,7,4
dragon_unicorn,2439,136,1/2-1/2,7,5,2,3,2,3
dragon_unicorn,2440,193,1-0,17,7,2,5,5,2
dragon_unicorn,2441,129,1-0,20,8,3,5,7,1
dragon_unicorn,2442,146,0-1,17,5,0,5,1,4
dragon_unicorn,2443,124,0-1,13,7,3,4,1,6
dragon_unicorn,2444,145,1-0,17,7,3,4,6,1
dragon_unicorn,2445,125,1-0,31,11,5,6,8,3
dragon_unicorn,2446,153,1-0,12,4,0,4,3,1
dragon_unicorn,2447,87,1-0,22,12,7,5,8,4
dragon_unicorn,2448,127,1-0,24,12,6,6,6,6
dragon_unicorn,2449,159,1-0,8,4,0,4,3,1
dragon_unicorn,2450,135,1-0,23,7,2,5,6,1
dragon_unicorn,2451,114,0-1,25,13,8,5,4,9
dragon_unicorn,2452,143,1-0,21,9,4,5,6,3
dragon_unicorn,2453,159,1-0,21,7,1,6,5,2
dragon_unicorn,2454,162,0-1,21,7,1,6,1,6
dragon_unicorn,2455,149,1-0,13,7,3,4,5,2
dragon_unicorn,2456,155,1-0,10,6,2,4,5,1
dragon_unicorn,2457,134,0-1,17,7,2,5,1,6
dragon_unicorn,2458,147,1-0,29,11,5,6,8,3
dragon_unicorn,2459,96,0-1,22,12,7,5,3,9
dragon_unicorn,2460,440,1/2-1/2,12,6,2,4,2,4
dragon_unicorn,2461,384,1/2-1/2,19,9,3,6,5,4
dragon_unicorn,2462,121,1-0,20,8,3,5,7,1
dragon_unicorn,2463,115,1-0,21,9,4,5,8,1
dragon_unicorn,2464,117,1/2-1/2,15,9,5,4,4,5
dragon_unicorn,2465,106,0-1,23,11,5,6,2,9
dragon_unicorn,2466,216,0-1,14,4,0,4,1,3
dragon_unicorn,2467,141,1-0,13,7,3,4,6,1
dragon_unicorn,2468,126,0-1,11,7,3,4,1,6
dragon_unicorn,2469,238,0-1,5,3,0,3,1,2
dragon_unicorn,2470,52,1/2-1/2,61,27,13,14,14,13
dragon_unicorn,2471,43,1-0,74,26,12,14,14,12
dragon_unicorn,2472,201,1-0,18,6,1,5,5,1
dragon_unicorn,2473,179,1-0,20,8,3,5,6,2
dragon_unicorn,2474,113,1-0,21,9,4,5,7,2
dragon_unicorn,2475,212,0-1,18,8,3,5,2,6
dragon_unicorn,2476,126,0-1,19,7,1,6,1,6
dragon_unicorn,2477,115,1-0,22,12,7,5,9,3
dragon_unicorn,2478,156,1/2-1/2,20,10,6,4,7,3
dragon_unicorn,2479,185,1-0,21,7,1,6,6,1
dragon_unicorn,2480,124,0-1,18,8,3,5,4,4
dragon_unicorn,2481,123,1-0,26,10,5,5,7,3
dragon_unicorn,2482,140,0-1,11,7,3,4,1,6
dragon_unicorn,2483,207,1-0,19,7,2,5,5,2
dragon_unicorn,2484,140,1/2-1/2,12,6,2,4,3,3
dragon_unicorn,2485,137,1-0,21,7,1,6,6,1
dragon_unicorn,2486,158,0-1,20,8,3,5,3,5
dragon_unicorn,2487,214,0-1,12,4,0,4,1,3
dragon_unicorn,2488,157,1-0,21,9,3,6,7,2
dragon_unicorn,2489,175,1/2-1/2,3,3,0,3,2,1
dragon_unicorn,2490,108,0-1,20,10,5,5,3,7
dragon_unicorn,2491,121,1-0,31,13,6,7,8,5
dragon_unicorn,2492,185,1-0,9,5,1,4,4,1
dragon_unicorn,2493,136,0-1,24,8,3,5,2,6
dragon_unicorn,2494,179,1-0,15,5,0,5,4,1
dragon_unicorn,2495,142,0-1,40,18,10,8,7,11
dragon_unicorn,2496,302,0-1,27,9,3,6,2,7
dragon_unicorn,2497,128,0-1,10,6,2,4,2,4
dragon_unicorn,2498,126,0-1,13,5,1,4,1,4
dragon_unicorn,2499,341,1/2-1/2,0,2,0,2,1,1
dragon_unicorn,2500,163,1-0,18,8,3,5,7,1
dragon_unicorn,2501,143,1-0,17,7,2,5,5,2
dragon_unicorn,2502,99,1-0,28,14,8,6,9,5
dragon_unicorn,2503,83,1-0,28,14,8,6,9,5
dragon_unicorn,2504,165,1/2-1/2,22,8,2,6,4,4
dragon_unicorn,2505,143,1-0,28,10,4,6,7,3
dragon_unicorn,2506,123,1-0,19,7,1,6,6,1
dragon_unicorn,2507,127,1-0,27,11,4,7,7,4
dragon_unicorn,2508,99,1-0,32,12,6,6,8,4
dragon_unicorn,2509,291,1/2-1/2,16,6,0,6,3,3
dragon_unicorn,2510,179,1-0,5,3,0,3,2,1
dragon_unicorn,2511,261,1-0,22,6,1,5,5,1
dragon_unicorn,2512,118,0-1,12,8,4,4,2,6
dragon_unicorn,2513,143,1-0,27,15,8,7,9,6
dragon_unicorn,2514,165,1/2-1/2,18,8,2,6,4,4
dragon_unicorn,2515,129,1-0,44,16,6,10,10,6
dragon_unicorn,2516,211,1/2-1/2,3,3,0,3,1,2
dragon_unicorn,2517,282,1/2-1/2,0,2,0,2,1,1
dragon_unicorn,2518,162,0-1,25,9,3,6,2,7
dragon_unicorn,2519,155,1-0,16,6,1,5,5,1
dragon_unicorn,2520,138,0-1,18,8,3,5,1,7
dragon_unicorn,2521,142,1/2-1/2,9,5,1,4,2,3
dragon_unicorn,2522,169,1-0,8,4,0,4,3,1
dragon_unicorn,2523,172,0-1,19,5,1,4,1,4
dragon_unicorn,2524,135,1-0,29,13,6,7,7,6
dragon_unicorn,2525,146,0-1,20,8,3,5,2,6
dragon_unicorn,2526,161,1-0,12,8,4,4,6,2
dragon_unicorn,2527,231,1/2-1/2,14,8,3,5,5,3
dragon_unicorn,2528,91,1-0,37,17,9,8,12,5
dragon_unicorn,2529,378,1/2-1/2,10,4,0,4,2,2
dragon_unicorn,2530,141,1-0,17,7,3,4,6,1
dragon_unicorn,2531,92,0-1,17,11,6,5,2,9
dragon_unicorn,2532,104,0-1,25,11,5,6,4,7
dragon_unicorn,2533,233,1-0,19,7,2,5,6,1
dragon_unicorn,2534,81,1-0,36,16,9,7,11,5
dragon_unicorn,2535,125,1-0,17,7,3,4,6,1
dragon_unicorn,2536,101,1-0,17,11,6,5,7,4
dragon_unicorn,2537,142,0-1,18,6,0,6,2,4
dragon_unicorn,2538,132,0-1,19,9,4,5,2,7
dragon_unicorn,2539,181,1-0,12,4,0,4,3,1
dragon_unicorn,2540,104,0-1,31,15,8,7,5,10
dragon_unicorn,2541,135,1-0,22,14,9,5,9,5
dragon_unicorn,2542,187,1-0,19,5,1,4,4,1
dragon_unicorn,2543,46,0-1,77,27,12,15,14,13
dragon_unicorn,2544,158,0-1,15,7,3,4,2,5
dragon_unicorn,2545,158,0-1,19,9,4,5,4,5
dragon_unicorn,2546,115,1-0,24,12,7,5,6,6
dragon_unicorn,2547,180,1/2-1/2,0,2,0,2,1,1
dragon_unicorn,2548,101,1-0,26,12,6,6,8,4
dragon_unicorn,2549,191,1-0,5,3,0,3,2,1
dragon_unicorn,2550,134,0-1,14,6,2,4,2,4
dragon_unicorn,2551,119,1-0,11,7,3,4,6,1
dragon_unicorn,2552,105,1-0,30,14,7,7,8,6
dragon_unicorn,2553,162,0-1,44,12,2,10,2,10
dragon_unicorn,2554,154,0-1,18,6,0,6,1,5
dragon_unicorn,2555,224,1/2-1/2,20,8,2,6,3,5
dragon_unicorn,2556,109,1-0,31,13,7,6,9,4
dragon_unicorn,2557,114,0-1,24,12,6,6,3,9
dragon_unicorn,2558,129,1-0,21,11,6,5,6,5
dragon_unicorn,2559,181,1/2-1/2,84,30,16,14,15,15
dragon_unicorn,2560,133,1-0,20,10,5,5,8,2
dragon_unicorn,2561,81,1-0,25,15,10,5,9,6
dragon_unicorn,2562,71,1-0,65,25,12,13,13,12
dragon_unicorn,2563,175,1-0,24,8,1,7,6,2
dragon_unicorn,2564,89,1-0,30,16,9,7,8,8
dragon_unicorn,2565,115,1-0,17,13,9,4,8,5
dragon_unicorn,2566,155,1-0,20,8,2,6,7,1
dragon_unicorn,2567,130,0-1,20,10,5,5,2,8
dragon_unicorn,2568,376,1/2-1/2,89,31,15,16,15,16
dragon_unicorn,2569,156,0-1,30,10,2,8,4,6
dragon_unicorn,2570,94,0-1,33,11,4,7,4,7
dragon_unicorn,2571,115,1-0,29,13,6,7,10,3
dragon_unicorn,2572,198,0-1,17,7,2,5,1,6
dragon_unicorn,2573,118,0-1,19,7,2,5,1,6
dragon_unicorn,2574,169,1-0,16,6,2,4,4,2
dragon_unicorn,2575,111,1-0,13,7,4,3,6,1
dragon_unicorn,2576,152,0-1,10,8,5,3,2,6
dragon_unicorn,2577,126,0-1,20,8,2,6,1,7
dragon_unicorn,2578,82,1/2-1/2,42,20,12,8,10,10
dragon_unicorn,2579,117,1-0,18,8,3,5,5,3
dragon_unicorn,2580,140,1/2-1/2,34,16,10,6,8,8
dragon_unicorn,2581,135,1-0,26,8,2,6,6,2
dragon_unicorn,2582,156,0-1,21,7,2,5,3,4
dragon_unicorn,2583,163,1-0,18,6,1,5,5,1
dragon_unicorn,2584,163,1-0,19,7,1,6,6,1
dragon_unicorn,2585,132,0-1,6,4,1,3,1,3
dragon_unicorn,2586,153,1/2-1/2,10,8,4,4,4,4
dragon_unicorn,2587,127,1-0,24,10,4,6,7,3
dragon_unicorn,2588,149,1/2-1/2,3,3,0,3,2,1
dragon_unicorn,2589,182,0-1,17,7,2,5,1,6
dragon_unicorn,2590,115,1-0,27,11,4,7,8,3
dragon_unicorn,2591,69,1-0,41,19,10,9,10,9
dragon_unicorn,2592,95,1-0,32,14,7,7,10,4
dragon_unicorn,2593,103,1-0,26,12,6,6,8,4
dragon_unicorn,2594,234,0-1,6,4,0,4,1,3
dragon_unicorn,2595,189,1-0,26,8,1,7,6,2
dragon_unicorn,2596,139,1-0,32,8,2,6,6,2
dragon_unicorn,2597,239,1-0,5,3,0,3,2,1
dragon_unicorn,2598,171,1-0,17,9,5,4,7,2
dragon_unicorn,2599,108,0-1,28,14,8,6,6,8
dragon_unicorn,2600,83,1-0,22,12,8,4,7,5
dragon_unicorn,2601,195,1-0,22,10,4,6,8,2
dragon_unicorn,2602,155,1-0,14,8,3,5,6,2
dragon_unicorn,2603,126,0-1,13,7,4,3,3,4
dragon_unicorn,2604,259,1/2-1/2,22,8,2,6,4,4
dragon_unicorn,2605,79,1-0,60,20,7,13,11,9
dragon_unicorn,2606,124,0-1,38,14,6,8,4,10
dragon_unicorn,2607,150,0-1,23,11,5,6,3,8
dragon_unicorn,2608,248,0-1,5,3,0,3,1,2
dragon_unicorn,2609,283,1-0,8,4,0,4,3,1
dragon_unicorn,2610,190,1/2-1/2,3,3,0,3,1,2
dragon_unicorn,2611,189,1-0,10,6,2,4,5,1
dragon_unicorn,2612,144,0-1,18,10,6,4,5,5
dragon_unicorn,2613,205,1-0,13,5,1,4,4,1
dragon_unicorn,2614,130,1/2-1/2,26,12,6,6,6,6
dragon_unicorn,2615,133,1-0,19,9,4,5,7,2
dragon_unicorn,2616,137,1-0,14,6,2,4,5,1
dragon_unicorn,2617,147,1-0,21,9,4,5,6,3
dragon_unicorn,2618,117,1-0,25,11,4,7,7,4
dragon_unicorn,2619,140,0-1,24,10,4,6,1,9
dragon_unicorn,2620,109,1-0,29,13,6,7,9,4
dragon_unicorn,2621,159,1-0,16,6,2,4,5,1
dragon_unicorn,2622,95,1-0,16,10,6,4,7,3
dragon_unicorn,2623,196,0-1,20,8,3,5,2,6
dragon_unicorn,2624,62,0-1,31,19,12,7,7,12
dragon_unicorn,2625,182,0-1,20,8,3,5,1,7
dragon_unicorn,2626,155,1-0,29,11,6,5,7,4
dragon_unicorn,2627,144,0-1,21,9,4,5,3,6
dragon_unicorn,2628,31,1-0,71,27,12,15,15,12
dragon_unicorn,2629,177,1-0,17,5,0,5,4,1
dragon_unicorn,2630,373,1-0,25,9,2,7,7,2
dragon_unicorn,2631,150,0-1,8,4,0,4,1,3
dragon_unicorn,2632,443,1/2-1/2,7,5,1,4,2,3
dragon_unicorn,2633,109,1-0,15,9,4,5,7,2
dragon_unicorn,2634,87,1-0,33,17,11,6,10,7
dragon_unicorn,2635,180,0-1,13,5,1,4,1,4
dragon_unicorn,2636,119,1/2-1/2,31,15,8,7,7,8
dragon_unicorn,2637,155,1-0,24,8,3,5,7,1
dragon_unicorn,2638,305,1-0,15,7,3,4,5,2
dragon_unicorn,2639,109,1-0,14,8,4,4,7,1
dragon_unicorn,2640,142,0-1,28,12,6,6,3,9
dragon_unicorn,2641,165,1-0,28,8,2,6,7,1
dragon_unicorn,2642,121,1-0,26,14,8,6,9,5
dragon_unicorn,2643,133,1-0,27,11,5,6,8,3
dragon_unicorn,2644,91,1/2-1/2,48,18,8,10,8,10
dragon_unicorn,2645,128,0-1,26,12,6,6,3,9
dragon_unicorn,2646,184,0-1,5,3,0,3,1,2
dragon_unicorn,2647,139,1-0,25,11,5,6,8,3
dragon_unicorn,2648,113,1-0,20,10,5,5,7,3
dragon_unicorn,2649,175,1-0,12,6,2,4,5,1
dragon_unicorn,2650,141,1-0,30,8,1,7,6,2
dragon_unicorn,2651,121,1-0,21,7,3,4,6,1
dragon_unicorn,2652,101,1-0,42,16,9,7,10,6
dragon_unicorn,2653,106,0-1,38,14,6,8,4,10
dragon_unicorn,2654,156,0-1,20,8,3,5,2,6
dragon_unicorn,2655,222,0-1,10,6,2,4,1,5
dragon_unicorn,2656,206,1/2-1/2,12,6,2,4,3,3
dragon_unicorn,2657,123,1-0,22,10,5,5,8,2
dragon_unicorn,2658,111,1-0,20,10,5,5,6,4
dragon_unicorn,2659,81,1-0,34,12,5,7,7,5
dragon_unicorn,2660,119,1/2-1/2,32,12,6,6,5,7
dragon_unicorn,2661,208,0-1,15,11,7,4,4,7
dragon_unicorn,2662,85,1-0,18,12,6,6,9,3
dragon_unicorn,2663,120,1/2-1/2,14,12,8,4,6,6
dragon_unicorn,2664,105,1-0,23,9,3,6,7,2
dragon_unicorn,2665,108,0-1,20,8,3,5,2,6
dragon_unicorn,2666,110,0-1,23,15,11,4,5,10
dragon_unicorn,2667,157,1-0,8,6,2,4,4,2
dragon_unicorn,2668,101,1-0,23,9,3,6,8,1
dragon_unicorn,2669,113,1-0,23,11,6,5,8,3
dragon_unicorn,2670,167,1-0,14,6,2,4,4,2
dragon_unicorn,2671,428,1/2-1/2,7,5,1,4,3,2
dragon_unicorn,2672,97,1-0,20,8,3,5,7,1
dragon_unicorn,2673,95,1-0,18,10,5,5,7,3
dragon_unicorn,2674,141,1-0,20,6,1,5,5,1
dragon_unicorn,2675,139,1-0,21,7,2,5,6,1
dragon_unicorn,2676,95,1-0,27,13,7,6,9,4
dragon_unicorn,2677,341,1/2-1/2,28,18,12,6,9,9
dragon_unicorn,2678,149,1-0,13,5,1,4,4,1
dragon_unicorn,2679,318,1/2-1/2,11,5,0,5,2,3
dragon_unicorn,2680,120,0-1,13,9,5,4,2,7
dragon_unicorn,2681,182,0-1,20,6,0,6,2,4
dragon_unicorn,2682,135,1-0,18,6,1,5,5,1
dragon_unicorn,2683,109,1-0,32,12,4,8,10,2
dragon_unicorn,2684,121,1-0,35,15,8,7,9,6
dragon_unicorn,2685,98,1/2-1/2,30,12,6,6,6,6
dragon_unicorn,2686,43,1-0,51,23,12,11,15,8
dragon_unicorn,2687,167,1-0,18,8,3,5,6,2
dragon_unicorn,2688,225,1-0,29,7,0,7,6,1
dragon_unicorn,2689,93,1-0,27,15,10,5,8,7
dragon_unicorn,2690,135,1-0,19,7,2,5,6,1
dragon_unicorn,2691,83,1-0,24,12,7,5,8,4
dragon_unicorn,2692,82,1/2-1/2,20,14,10,4,7,7
dragon_unicorn,2693,139,1-0,15,5,1,4,4,1
dragon_unicorn,2694,185,1-0,20,8,3,5,7,1
dragon_unicorn,2695,118,0-1,21,11,6,5,4,7
dragon_unicorn,2696,212,1/2-1/2,22,14,8,6,7,7
dragon_unicorn,2697,177,1/2-1/2,21,7,3,4,3,4
dragon_unicorn,2698,161,1-0,20,10,5,5,6,4
dragon_unicorn,2699,185,1-0,16,6,1,5,5,1
dragon_unicorn,2700,159,1-0,24,8,1,7,7,1
dragon_unicorn,2701,97,1-0,38,16,8,8,11,5
dragon_unicorn,2702,134,0-1,15,7,3,4,1,6
dragon_unicorn,2703,153,1-0,17,5,0,5,4,1
dragon_unicorn,2704,160,0-1,18,6,1,5,1,5
cannon_elephant,1,168,0-1,16,6,2,4,1,5
cannon_elephant,2,185,1-0,18,6,1,5,5,1
cannon_elephant,3,196,0-1,14,6,2,4,1,5
cannon_elephant,4,225,1-0,15,5,1,4,4,1
cannon_elephant,5,137,1-0,10,7,3,4,5,2
cannon_elephant,6,161,1-0,18,7,2,5,5,2
cannon_elephant,7,202,0-1,19,5,0,5,2,3
cannon_elephant,8,180,0-1,19,7,3,4,3,4
cannon_elephant,9,147,1/2-1/2,43,13,5,8,6,7
cannon_elephant,10,136,0-1,34,17,10,7,6,11
cannon_elephant,11,164,0-1,26,8,3,5,3,5
cannon_elephant,12,176,0-1,14,6,2,4,1,5
cannon_elephant,13,176,1/2-1/2,3,3,0,3,1,2
cannon_elephant,14,148,1/2-1/2,21,13,8,5,7,6
cannon_elephant,15,158,0-1,31,13,7,6,4,9
cannon_elephant,16,193,1-0,15,7,3,4,5,2
cannon_elephant,17,150,0-1,30,12,6,6,4,8
cannon_elephant,18,161,1-0,20,6,2,4,4,2
cannon_elephant,19,123,1-0,19,9,4,5,7,2
cannon_elephant,20,197,1-0,19,5,1,4,3,2
cannon_elephant,21,141,1/2-1/2,34,16,10,6,8,8
cannon_elephant,22,209,1-0,13,5,1,4,4,1
cannon_elephant,23,171,1-0,21,10,5,5,7,3
cannon_elephant,24,214,0-1,19,5,1,4,1,4
cannon_elephant,25,147,1/2-1/2,45,16,7,9,7,9
cannon_elephant,26,228,0-1,10,4,1,3,1,3
cannon_elephant,27,303,1/2-1/2,14,8,4,4,4,4
cannon_elephant,28,294,1/2-1/2,0,2,0,2,1,1
cannon_elephant,29,176,0-1,32,12,7,5,6,6
cannon_elephant,30,171,1-0,12,6,3,3,3,3
cannon_elephant,31,184,0-1,14,4,0,4,1,3
cannon_elephant,32,313,1/2-1/2,9,7,3,4,3,4
cannon_elephant,33,165,1-0,16,8,4,4,5,3
cannon_elephant,34,83,1-0,23,15,10,5,9,6
cannon_elephant,35,175,1-0,12,6,3,3,4,2
cannon_elephant,36,234,1/2-1/2,3,3,0,3,1,2
cannon_elephant,37,135,1/2-1/2,3,3,0,3,2,1
cannon_elephant,38,268,0-1,19,7,2,5,1,6
cannon_elephant,39,287,1-0,5,3,0,3,2,1
cannon_elephant,40,134,0-1,17,8,2,6,2,6
cannon_elephant,41,153,1-0,18,6,1,5,5,1
cannon_elephant,42,225,1/2-1/2,7,5,1,4,2,3
cannon_elephant,43,165,1-0,15,5,1,4,4,1
cannon_elephant,44,142,0-1,21,9,4,5,1,8
cannon_elephant,45,142,0-1,27,11,5,6,4,7
cannon_elephant,46,210,0-1,9,3,0,3,1,2
cannon_elephant,47,153,1-0,18,4,0,4,3,1
cannon_elephant,48,232,0-1,25,9,4,5,3,6
cannon_elephant,49,299,1/2-1/2,70,28,14,14,14,14
cannon_elephant,50,101,1-0,15,13,10,3,8,5
cannon_elephant,51,175,1-0,10,4,1,3,3,1
cannon_elephant,52,177,1-0,10,4,1,3,3,1
cannon_elephant,53,393,1-0,3,5,3,2,4,1
cannon_elephant,54,363,1-0,16,6,2,4,5,1
cannon_elephant,55,217,1-0,21,5,0,5,4,1
cannon_elephant,56,134,0-1,14,6,2,4,2,4
cannon_elephant,57,190,0-1,14,6,2,4,1,5
cannon_elephant,58,299,1/2-1/2,0,2,0,2,1,1
cannon_elephant,59,172,0-1,17,5,1,4,2,3
cannon_elephant,60,96,1/2-1/2,28,17,12,5,7,10
cannon_elephant,61,134,0-1,24,10,5,5,4,6
cannon_elephant,62,230,1/2-1/2,45,19,11,8,9,10
cannon_elephant,63,134,0-1,10,8,5,3,3,5
cannon_elephant,64,160,1/2-1/2,23,9,5,4,4,5
cannon_elephant,65,161,1-0,5,3,0,3,2,1
cannon_elephant,66,147,1-0,17,7,3,4,5,2
cannon_elephant,67,178,0-1,13,5,1,4,1,4
cannon_elephant,68,136,0-1,13,5,1,4,2,3
cannon_elephant,69,147,1-0,11,5,2,3,4,1
cannon_elephant,70,198,0-1,14,4,0,4,1,3
cannon_elephant,71,186,0-1,5,3,0,3,1,2
cannon_elephant,72,152,0-1,17,9,5,4,3,6
cannon_elephant,73,194,0-1,15,5,1,4,1,4
cannon_elephant,74,161,1-0,11,5,2,3,4,1
cannon_elephant,75,165,1-0,19,9,4,5,6,3
cannon_elephant,76,134,0-1,21,11,6,5,5,6
cannon_elephant,77,203,1-0,22,10,5,5,7,3
cannon_elephant,78,213,1-0,19,7,2,5,5,2
cannon_elephant,79,116,0-1,23,14,8,6,5,9
cannon_elephant,80,190,0-1,5,3,0,3,1,2
cannon_elephant,81,209,1-0,18,4,0,4,3,1
cannon_elephant,82,142,0-1,23,11,6,5,2,9
cannon_elephant,83,178,1/2-1/2,0,2,0,2,1,1
cannon_elephant,84,160,0-1,23,10,4,6,2,8
cannon_elephant,85,144,0-1,16,6,2,4,2,4
cannon_elephant,86,235,1-0,0,2,0,2,1,1
cannon_elephant,87,142,0-1,19,5,1,4,1,4
cannon_elephant,88,254,0-1,7,5,2,3,1,4
cannon_elephant,89,164,0-1,18,4,0,4,1,3
cannon_elephant,90,177,1-0,1,3,1,2,2,1
cannon_elephant,91,128,0-1,18,6,2,4,4,2
cannon_elephant,92,462,1/2-1/2,3,3,0,3,2,1
cannon_elephant,93,223,1-0,5,3,0,3,2,1
cannon_elephant,94,120,1/2-1/2,25,11,7,4,6,5
cannon_elephant,95,323,1/2-1/2,28,14,10,4,7,7
cannon_elephant,96,329,1-0,9,3,0,3,2,1
cannon_elephant,97,149,1-0,22,10,5,5,6,4
cannon_elephant,98,145,1-0,5,7,5,2,4,3
cannon_elephant,99,117,1-0,16,8,3,5,7,1
cannon_elephant,100,191,1-0,19,5,1,4,4,1
cannon_elephant,101,137,1-0,20,6,2,4,4,2
cannon_elephant,102,147,1-0,16,10,7,3,5,5
cannon_elephant,103,135,1/2-1/2,21,7,3,4,3,4
cannon_elephant,104,266,1/2-1/2,9,5,1,4,2,3
cannon_elephant,105,87,1-0,24,12,7,5,9,3
cannon_elephant,106,387,1-0,16,8,4,4,4,4
cannon_elephant,107,234,0-1,32,13,6,7,4,9
cannon_elephant,108,239,1-0,8,6,3,3,3,3
cannon_elephant,109,117,1-0,11,9,6,3,5,4
cannon_elephant,110,153,1-0,13,5,1,4,4,1
cannon_elephant,111,140,0-1,16,4,0,4,2,2
cannon_elephant,112,165,1-0,17,7,2,5,4,3
cannon_elephant,113,150,0-1,20,12,8,4,5,7
cannon_elephant,114,115,1-0,30,12,7,5,7,5
cannon_elephant,115,152,1/2-1/2,4,6,4,2,3,3
cannon_elephant,116,230,0-1,16,4,0,4,2,2
cannon_elephant,117,117,1-0,23,9,5,4,8,1
cannon_elephant,118,158,1/2-1/2,0,2,0,2,1,1
cannon_elephant,119,202,0-1,29,13,7,6,5,8
cannon_elephant,120,244,0-1,7,4,0,4,1,3
cannon_elephant,121,174,0-1,16,9,4,5,1,8
cannon_elephant,122,142,0-1,11,5,1,4,1,4
cannon_elephant,123,111,1-0,14,12,8,4,7,5
cannon_elephant,124,374,1/2-1/2,3,3,0,3,1,2
cannon_elephant,125,166,0-1,23,9,4,5,4,5
cannon_elephant,126,392,1/2-1/2,13,11,7,4,5,6
cannon_elephant,127,223,1/2-1/2,42,16,7,9,7,9
cannon_elephant,128,168,0-1,25,7,1,6,3,4
cannon_elephant,129,164,1/2-1/2,24,8,1,7,3,5
cannon_elephant,130,173,1-0,20,8,3,5,3,5
cannon_elephant,131,178,1/2-1/2,10,4,0,4,2,2
cannon_elephant,132,164,0-1,19,5,1,4,1,4
cannon_elephant,133,144,0-1,19,9,5,4,3,6
cannon_elephant,134,152,1/2-1/2,30,10,4,6,5,5
cannon_elephant,135,159,1-0,42,13,4,9,8,5
cannon_elephant,136,168,1/2-1/2,51,17,9,8,8,9
cannon_elephant,137,219,1-0,20,9,4,5,5,4
cannon_elephant,138,153,1-0,20,8,3,5,7,1
cannon_elephant,139,270,0-1,25,9,4,5,2,7
cannon_elephant,140,150,0-1,25,11,6,5,4,7
cannon_elephant,141,281,1/2-1/2,7,5,1,4,2,3
cannon_elephant,142,274,1/2-1/2,51,22,12,10,12,10
cannon_elephant,143,162,0-1,16,6,1,5,1,5
cannon_elephant,144,131,1-0,20,6,2,4,4,2
cannon_elephant,145,206,0-1,24,6,1,5,1,5
cannon_elephant,146,145,1-0,17,10,4,6,7,3
cannon_elephant,147,135,1-0,19,9,5,4,7,2
cannon_elephant,148,222,0-1,10,6,2,4,1,5
cannon_elephant,149,279,1/2-1/2,9,7,3,4,4,3
cannon_elephant,150,137,1-0,1,3,1,2,2,1
cannon_elephant,151,188,0-1,17,5,1,4,2,3
cannon_elephant,152,208,0-1,14,4,0,4,1,3
cannon_elephant,153,184,1/2-1/2,20,6,1,5,3,3
cannon_elephant,154,182,0-1,22,8,4,4,3,5
cannon_elephant,155,169,1/2-1/2,23,10,4,6,3,7
cannon_elephant,156,135,1-0,12,6,3,3,5,1
cannon_elephant,157,153,1-0,17,7,2,5,6,1
cannon_elephant,158,134,0-1,20,6,2,4,1,5
cannon_elephant,159,451,1-0,19,5,1,4,4,1
cannon_elephant,160,182,0-1,21,5,0,5,2,3
cannon_elephant,161,159,1/2-1/2,22,8,2,6,4,4
cannon_elephant,162,237,1-0,19,9,5,4,6,3
cannon_elephant,163,163,1-0,15,7,3,4,5,2
cannon_elephant,164,179,1-0,12,4,0,4,3,1
cannon_elephant,165,155,1-0,8,4,0,4,3,1
cannon_elephant,166,146,0-1,28,10,5,5,4,6
cannon_elephant,167,241,1-0,6,4,0,4,3,1
cannon_elephant,168,169,1-0,9,5,1,4,4,1
cannon_elephant,169,157,1-0,9,7,4,3,5,2
cannon_elephant,170,250,0-1,9,3,0,3,1,2
cannon_elephant,171,236,0-1,18,4,0,4,1,3
cannon_elephant,172,124,1/2-1/2,12,10,6,4,5,5
cannon_elephant,173,172,0-1,18,4,0,4,1,3
cannon_elephant,174,177,1-0,34,15,8,7,10,5
cannon_elephant,175,208,0-1,20,6,2,4,2,4
cannon_elephant,176,324,0-1,14,4,0,4,1,3
cannon_elephant,177,110,1/2-1/2,0,2,0,2,1,1
cannon_elephant,178,249,1/2-1/2,0,2,0,2,1,1
cannon_elephant,179,181,1-0,0,2,0,2,1,1
cannon_elephant,180,148,1/2-1/2,16,10,6,4,5,5
cannon_elephant,181,353,1-0,10,5,0,5,4,1
cannon_elephant,182,135,1-0,17,9,5,4,7,2
cannon_elephant,183,134,0-1,29,11,5,6,4,7
cannon_elephant,184,180,1/2-1/2,3,3,0,3,1,2
cannon_elephant,185,178,0-1,8,4,0,4,1,3
cannon_elephant,186,206,1/2-1/2,18,9,3,6,4,5
cannon_elephant,187,135,1/2-1/2,33,13,7,6,7,6
cannon_elephant,188,144,1/2-1/2,20,9,4,5,6,3
cannon_elephant,189,56,0-1,51,23,13,10,9,14
cannon_elephant,190,234,0-1,21,5,0,5,1,4
cannon_elephant,191,69,1-0,60,21,10,11,13,8
cannon_elephant,192,153,1-0,25,9,4,5,7,2
cannon_elephant,193,118,1/2-1/2,24,10,4,6,5,5
cannon_elephant,194,333,1/2-1/2,8,5,1,4,4,1
cannon_elephant,195,178,0-1,12,6,3,3,1,5
cannon_elephant,196,183,1-0,14,6,2,4,5,1
cannon_elephant,197,128,1/2-1/2,42,15,4,11,7,8
cannon_elephant,198,149,1/2-1/2,0,2,0,2,1,1
cannon_elephant,199,250,1/2-1/2,1,3,1,2,1,2
cannon_elephant,200,140,0-1,18,4,0,4,1,3
cannon_elephant,201,164,0-1,34,14,9,5,7,7
cannon_elephant,202,166,0-1,39,13,7,6,4,9
cannon_elephant,203,179,1-0,15,7,3,4,5,2
cannon_elephant,204,170,0-1,19,5,1,4,1,4
cannon_elephant,205,232,0-1,5,3,0,3,1,2
cannon_elephant,206,190,0-1,9,3,0,3,1,2
cannon_elephant,207,171,1-0,20,6,2,4,4,2
cannon_elephant,208,168,0-1,23,5,0,5,1,4
cannon_elephant,209,125,1/2-1/2,24,8,3,5,3,5
cannon_elephant,210,300,0-1,5,3,0,3,1,2
cannon_elephant,211,229,1-0,12,6,3,3,4,2
cannon_elephant,212,117,1/2-1/2,14,7,2,5,3,4
cannon_elephant,213,146,0-1,29,9,4,5,3,6
cannon_elephant,214,106,1/2-1/2,75,26,14,12,14,12
cannon_elephant,215,182,0-1,18,4,0,4,1,3
cannon_elephant,216,260,0-1,9,3,0,3,1,2
cannon_elephant,217,466,1/2-1/2,6,4,0,4,2,2
cannon_elephant,218,153,1-0,24,8,3,5,6,2
cannon_elephant,219,253,1-0,9,3,0,3,2,1
cannon_elephant,220,190,0-1,16,4,0,4,2,2
cannon_elephant,221,134,0-1,20,8,4,4,4,4
cannon_elephant,222,290,1/2-1/2,10,8,4,4,4,4
cannon_elephant,223,182,0-1,23,7,2,5,2,5
cannon_elephant,224,104,0-1,21,11,7,4,5,6
cannon_elephant,225,226,1/2-1/2,11,7,3,4,4,3
cannon_elephant,226,161,1-0,11,5,2,3,4,1
cannon_elephant,227,141,1/2-1/2,3,3,0,3,2,1
cannon_elephant,228,196,0-1,10,4,0,4,1,3
cannon_elephant,229,174,0-1,15,5,1,4,1,4
cannon_elephant,230,131,1-0,12,6,3,3,4,2
cannon_elephant,231,183,1-0,17,5,0,5,3,2
cannon_elephant,232,197,1-0,20,6,2,4,4,2
cannon_elephant,233,91,1-0,38,16,8,8,11,5
cannon_elephant,234,210,0-1,9,3,0,3,1,2
cannon_elephant,235,119,1/2-1/2,34,14,8,6,7,7
cannon_elephant,236,223,1-0,9,3,0,3,2,1
cannon_elephant,237,220,1/2-1/2,20,6,1,5,3,3
cannon_elephant,238,100,0-1,34,10,4,6,6,4
cannon_elephant,239,160,1/2-1/2,0,2,0,2,1,1
cannon_elephant,240,171,1-0,23,7,2,5,5,2
cannon_elephant,241,186,0-1,20,6,2,4,2,4
cannon_elephant,242,123,1-0,25,11,6,5,5,6
cannon_elephant,243,207,1-0,3,3,0,3,2,1
cannon_elephant,244,105,1/2-1/2,50,18,9,9,9,9
cannon_elephant,245,105,1/2-1/2,54,21,9,12,12,9
cannon_elephant,246,174,0-1,18,4,0,4,1,3
cannon_elephant,247,140,0-1,23,7,2,5,2,5
cannon_elephant,248,162,0-1,13,5,1,4,1,4
cannon_elephant,249,125,1-0,19,9,5,4,6,3
cannon_elephant,250,99,1/2-1/2,43,15,7,8,8,7
cannon_elephant,251,194,1/2-1/2,3,3,0,3,1,2
cannon_elephant,252,202,0-1,19,7,2,5,1,6
cannon_elephant,253,147,1/2-1/2,49,15,7,8,6,9
cannon_elephant,254,157,1-0,5,7,5,2,4,3
cannon_elephant,255,143,1-0,15,5,1,4,4,1
cannon_elephant,256,142,0-1,14,6,2,4,2,4
cannon_elephant,257,135,1-0,6,8,6,2,5,3
cannon_elephant,258,174,1/2-1/2,0,2,0,2,1,1
cannon_elephant,259,120,1/2-1/2,9,11,9,2,6,5
cannon_elephant,260,126,0-1,19,5,1,4,2,3
cannon_elephant,261,210,0-1,27,11,6,5,3,8
cannon_elephant,262,107,1-0,27,14,7,7,7,7
cannon_elephant,263,199,1-0,14,4,0,4,3,1
cannon_elephant,264,97,1/2-1/2,18,12,8,4,6,6
cannon_elephant,265,389,1/2-1/2,12,6,3,3,3,3
cannon_elephant,266,149,1-0,13,7,4,3,5,2
cannon_elephant,267,192,0-1,9,3,0,3,1,2
cannon_elephant,268,280,0-1,5,3,0,3,1,2
cannon_elephant,269,465,1/2-1/2,39,15,9,6,9,6
cannon_elephant,270,153,1-0,15,5,1,4,4,1
cannon_elephant,271,190,0-1,19,8,3,5,3,5
cannon_elephant,272,114,0-1,32,16,10,6,6,10
cannon_elephant,273,153,1/2-1/2,41,15,8,7,8,7
cannon_elephant,274,455,1/2-1/2,8,6,2,4,3,3
cannon_elephant,275,222,1/2-1/2,24,10,6,4,5,5
cannon_elephant,276,142,0-1,24,12,7,5,3,9
cannon_elephant,277,252,1/2-1/2,31,11,4,7,5,6
cannon_elephant,278,222,1/2-1/2,11,5,1,4,2,3
cannon_elephant,279,152,0-1,22,8,4,4,3,5
cannon_elephant,280,152,1/2-1/2,10,4,0,4,2,2
cannon_elephant,281,164,1/2-1/2,22,8,4,4,4,4
cannon_elephant,282,220,1/2-1/2,63,24,12,12,11,13
cannon_elephant,283,169,1-0,31,9,3,6,7,2
cannon_elephant,284,140,1/2-1/2,22,13,6,7,5,8
cannon_elephant,285,151,1/2-1/2,28,10,2,8,5,5
cannon_elephant,286,100,1/2-1/2,29,14,6,8,6,8
cannon_elephant,287,487,1/2-1/2,15,9,5,4,5,4
cannon_elephant,288,188,1/2-1/2,30,12,7,5,5,7
cannon_elephant,289,264,0-1,16,4,0,4,2,2
cannon_elephant,290,130,0-1,27,9,4,5,4,5
cannon_elephant,291,286,1/2-1/2,37,13,6,7,6,7
cannon_elephant,292,125,1-0,10,10,7,3,4,6
cannon_elephant,293,182,0-1,14,4,0,4,1,3
cannon_elephant,294,272,0-1,12,6,3,3,1,5
cannon_elephant,295,252,1/2-1/2,0,2,0,2,1,1
cannon_elephant,296,175,1-0,14,8,5,3,5,3
cannon_elephant,297,173,1-0,21,7,3,4,5,2
cannon_elephant,298,227,1-0,9,3,0,3,2,1
cannon_elephant,299,167,1-0,22,6,1,5,5,1
cannon_elephant,300,117,1-0,18,8,4,4,6,2
cannon_elephant,301,202,0-1,19,5,1,4,1,4
cannon_elephant,302,160,1/2-1/2,26,10,4,6,5,5
cannon_elephant,303,250,0-1,19,5,1,4,1,4
cannon_elephant,304,150,1/2-1/2,12,10,6,4,5,5
cannon_elephant,305,204,1/2-1/2,0,2,0,2,1,1
cannon_elephant,306,90,1/2-1/2,10,12,10,2,6,6
cannon_elephant,307,133,1-0,10,8,5,3,4,4
cannon_elephant,308,145,1-0,1,3,1,2,1,2
cannon_elephant,309,314,0-1,14,8,5,3,3,5
cannon_elephant,310,145,1/2-1/2,38,14,7,7,7,7
cannon_elephant,311,175,1-0,16,8,3,5,6,2
cannon_elephant,312,184,0-1,16,5,0,5,1,4
cannon_elephant,313,218,0-1,9,3,0,3,1,2
cannon_elephant,314,405,1/2-1/2,11,5,0,5,2,3
cannon_elephant,315,181,1-0,23,7,2,5,5,2
cannon_elephant,316,121,1-0,10,8,5,3,4,4
cannon_elephant,317,404,0-1,27,11,6,5,4,7
cannon_elephant,318,191,1-0,2,4,2,2,3,1
cannon_elephant,319,235,1/2-1/2,13,5,0,5,3,2
cannon_elephant,320,263,1/2-1/2,14,8,4,4,4,4
cannon_elephant,321,124,1/2-1/2,46,18,8,10,9,9
cannon_elephant,322,204,0-1,37,11,4,7,4,7
cannon_elephant,323,168,0-1,15,5,1,4,1,4
cannon_elephant,324,153,1-0,7,7,4,3,4,3
cannon_elephant,325,141,1-0,4,4,1,3,3,1
cannon_elephant,326,246,0-1,9,3,0,3,1,2
cannon_elephant,327,170,0-1,41,15,8,7,6,9
cannon_elephant,328,123,1/2-1/2,8,6,2,4,3,3
cannon_elephant,329,174,0-1,21,5,0,5,2,3
cannon_elephant,330,183,1-0,13,7,3,4,6,1
cannon_elephant,331,203,1-0,8,4,0,4,3,1
cannon_elephant,332,162,0-1,19,7,2,5,2,5
cannon_elephant,333,145,1-0,26,13,5,8,8,5
cannon_elephant,334,138,0-1,15,7,3,4,2,5
cannon_elephant,335,202,0-1,20,6,2,4,1,5
cannon_elephant,336,205,1/2-1/2,6,4,0,4,2,2
cannon_elephant,337,148,0-1,22,8,3,5,3,5
cannon_elephant,338,223,1-0,11,5,2,3,4,1
cannon_elephant,339,142,1/2-1/2,22,9,3,6,4,5
cannon_elephant,340,209,1-0,9,3,0,3,2,1
cannon_elephant,341,101,1/2-1/2,30,15,9,6,7,8
cannon_elephant,342,143,1/2-1/2,14,8,4,4,4,4
cannon_elephant,343,194,0-1,21,7,3,4,2,5
cannon_elephant,344,173,1/2-1/2,14,8,4,4,4,4
cannon_elephant,345,275,1-0,11,8,4,4,7,1
cannon_elephant,346,155,1-0,16,6,2,4,5,1
cannon_elephant,347,110,0-1,45,13,5,8,7,6
cannon_elephant,348,139,1/2-1/2,26,10,4,6,4,6
cannon_elephant,349,121,1-0,7,7,4,3,4,3
cannon_elephant,350,139,1-0,19,9,5,4,5,4
cannon_elephant,351,146,0-1,17,7,3,4,2,5
cannon_elephant,352,143,1/2-1/2,10,8,4,4,4,4
cannon_elephant,353,98,1/2-1/2,31,14,6,8,7,7
cannon_elephant,354,125,1-0,32,12,5,7,6,6
cannon_elephant,355,463,1/2-1/2,8,10,8,2,5,5
cannon_elephant,356,195,1-0,5,3,0,3,1,2
cannon_elephant,357,170,0-1,16,8,4,4,3,5
cannon_elephant,358,141,1-0,1,3,1,2,2,1
cannon_elephant,359,128,0-1,34,10,2,8,4,6
cannon_elephant,360,282,1/2-1/2,11,5,1,4,3,2
cannon_elephant,361,198,0-1,32,8,2,6,3,5
cannon_elephant,362,180,0-1,21,7,3,4,2,5
cannon_elephant,363,196,0-1,17,6,1,5,1,5
cannon_elephant,364,143,1-0,18,8,4,4,4,4
cannon_elephant,365,166,0-1,14,4,0,4,1,3
cannon_elephant,366,209,1-0,19,5,1,4,4,1
cannon_elephant,367,276,0-1,7,4,0,4,1,3
cannon_elephant,368,198,0-1,9,3,0,3,1,2
cannon_elephant,369,170,0-1,21,7,2,5,3,4
cannon_elephant,370,183,1-0,13,5,1,4,4,1
cannon_elephant,371,195,1-0,7,4,0,4,3,1
cannon_elephant,372,274,0-1,16,8,4,4,3,5
cannon_elephant,373,172,0-1,9,5,1,4,1,4
cannon_elephant,374,139,1-0,10,10,7,3,6,4
cannon_elephant,375,198,0-1,19,5,1,4,1,4
cannon_elephant,376,145,1-0,9,3,0,3,2,1
cannon_elephant,377,214,1/2-1/2,47,17,8,9,8,9
cannon_elephant,378,144,0-1,24,8,3,5,4,4
cannon_elephant,379,85,1/2-1/2,49,17,8,9,8,9
cannon_elephant,380,259,1-0,28,12,7,5,6,6
cannon_elephant,381,130,1/2-1/2,15,11,7,4,4,7
cannon_elephant,382,116,0-1,15,10,5,5,2,8
cannon_elephant,383,122,0-1,26,14,10,4,8,6
cannon_elephant,384,169,1-0,17,9,5,4,6,3
cannon_elephant,385,160,0-1,13,7,3,4,1,6
cannon_elephant,386,184,1/2-1/2,13,6,1,5,3,3
cannon_elephant,387,220,0-1,23,7,2,5,3,4
cannon_elephant,388,155,1/2-1/2,64,22,10,12,11,11
cannon_elephant,389,184,1/2-1/2,25,10,4,6,4,6
cannon_elephant,390,101,1/2-1/2,42,14,6,8,8,6
cannon_elephant,391,167,1/2-1/2,47,17,9,8,9,8
cannon_elephant,392,142,0-1,17,10,5,5,4,6
cannon_elephant,393,403,1/2-1/2,10,8,4,4,4,4
cannon_elephant,394,180,0-1,18,4,0,4,1,3
cannon_elephant,395,159,1-0,11,5,2,3,4,1
cannon_elephant,396,127,1-0,17,9,5,4,6,3
cannon_elephant,397,286,1/2-1/2,23,12,5,7,6,6
cannon_elephant,398,134,0-1,18,6,2,4,2,4
cannon_elephant,399,255,1/2-1/2,0,2,0,2,1,1
cannon_elephant,400,246,0-1,15,5,1,4,1,4
cannon_elephant,401,267,1-0,5,7,5,2,3,4
cannon_elephant,402,271,1/2-1/2,13,7,3,4,3,4
cannon_elephant,403,129,1-0,18,10,6,4,8,2
cannon_elephant,404,177,1-0,21,13,9,4,7,6
cannon_elephant,405,239,1-0,10,4,1,3,3,1
cannon_elephant,406,155,1-0,14,6,2,4,5,1
cannon_elephant,407,222,0-1,14,4,0,4,1,3
cannon_elephant,408,115,1-0,21,9,5,4,5,4
cannon_elephant,409,323,1/2-1/2,6,4,1,3,2,2
cannon_elephant,410,178,0-1,23,9,5,4,2,7
cannon_elephant,411,119,1-0,20,10,6,4,7,3
cannon_elephant,412,223,1-0,9,3,0,3,2,1
cannon_elephant,413,135,1/2-1/2,12,6,2,4,3,3
cannon_elephant,414,148,0-1,14,6,2,4,2,4
cannon_elephant,415,177,1-0,33,14,6,8,9,5
cannon_elephant,416,202,0-1,12,4,0,4,1,3
cannon_elephant,417,152,0-1,30,11,4,7,5,6
cannon_elephant,418,197,1-0,48,14,6,8,9,5
cannon_elephant,419,152,0-1,25,11,6,5,5,6
cannon_elephant,420,149,1-0,26,10,5,5,7,3
cannon_elephant,421,167,1-0,6,6,3,3,4,2
cannon_elephant,422,174,0-1,19,5,1,4,1,4
cannon_elephant,423,105,1-0,17,10,5,5,7,3
cannon_elephant,424,317,1-0,21,10,5,5,6,4
cannon_elephant,425,255,1/2-1/2,41,16,8,8,7,9
cannon_elephant,426,132,0-1,29,13,8,5,5,8
cannon_elephant,427,137,1-0,21,7,3,4,5,2
cannon_elephant,428,138,1/2-1/2,46,17,8,9,8,9
cannon_elephant,429,118,0-1,19,12,7,5,4,8
cannon_elephant,430,152,0-1,19,5,1,4,1,4
cannon_elephant,431,276,1/2-1/2,19,5,1,4,3,2
cannon_elephant,432,132,0-1,18,13,8,5,4,9
cannon_elephant,433,154,0-1,48,14,5,9,6,8
cannon_elephant,434,121,1/2-1/2,35,12,5,7,5,7
cannon_elephant,435,191,1-0,21,9,4,5,6,3
cannon_elephant,436,134,0-1,21,7,2,5,4,3
cannon_elephant,437,119,1-0,6,6,3,3,4,2
cannon_elephant,438,188,1/2-1/2,22,13,7,6,7,6
cannon_elephant,439,152,1/2-1/2,33,13,8,5,7,6
cannon_elephant,440,145,1-0,56,19,7,12,9,10
cannon_elephant,441,139,1-0,15,5,1,4,4,1
cannon_elephant,442,185,1-0,11,5,2,3,4,1
cannon_elephant,443,291,1-0,11,5,2,3,3,2
cannon_elephant,444,138,0-1,22,8,3,5,3,5
cannon_elephant,445,146,0-1,24,8,3,5,2,6
cannon_elephant,446,105,1-0,35,12,4,8,8,4
cannon_elephant,447,212,0-1,19,5,0,5,2,3
cannon_elephant,448,127,1-0,18,8,4,4,5,3
cannon_elephant,449,165,1-0,18,6,1,5,4,2
cannon_elephant,450,168,1/2-1/2,48,15,7,8,8,7
cannon_elephant,451,160,0-1,16,6,2,4,2,4
cannon_elephant,452,221,1-0,19,5,1,4,4,1
cannon_elephant,453,163,1-0,17,9,5,4,4,5
cannon_elephant,454,99,1/2-1/2,27,16,10,6,7,9
cannon_elephant,455,136,0-1,26,14,9,5,6,8
cannon_elephant,456,182,0-1,13,5,1,4,1,4
cannon_elephant,457,271,1-0,7,4,0,4,3,1
cannon_elephant,458,375,1/2-1/2,3,3,0,3,2,1
cannon_elephant,459,183,1-0,27,9,3,6,6,3
cannon_elephant,460,85,1-0,48,21,11,10,15,6
cannon_elephant,461,210,0-1,18,4,0,4,1,3
cannon_elephant,462,222,0-1,18,6,2,4,2,4
cannon_elephant,463,133,1-0,11,8,4,4,5,3
cannon_elephant,464,208,1/2-1/2,13,7,3,4,4,3
cannon_elephant,465,113,1-0,18,8,4,4,6,2
cannon_elephant,466,307,1-0,16,6,2,4,5,1
cannon_elephant,467,135,1-0,11,5,2,3,4,1
cannon_elephant,468,132,0-1,26,8,2,6,2,6
cannon_elephant,469,141,1/2-1/2,14,12,8,4,6,6
cannon_elephant,470,166,0-1,21,7,3,4,1,6
cannon_elephant,471,193,1-0,5,3,0,3,2,1
cannon_elephant,472,99,1-0,33,15,8,7,7,8
cannon_elephant,473,229,1/2-1/2,11,9,5,4,5,4
cannon_elephant,474,222,1/2-1/2,51,19,9,10,10,9
cannon_elephant,475,227,1/2-1/2,12,10,6,4,5,5
cannon_elephant,476,319,1-0,19,5,1,4,4,1
cannon_elephant,477,159,1-0,12,6,3,3,4,2
cannon_elephant,478,216,0-1,13,5,1,4,1,4
cannon_elephant,479,176,0-1,16,6,2,4,1,5
cannon_elephant,480,154,0-1,28,8,2,6,2,6
cannon_elephant,481,123,1-0,39,17,7,10,8,9
cannon_elephant,482,161,1-0,22,11,6,5,7,4
cannon_elephant,483,155,1-0,29,9,3,6,7,2
cannon_elephant,484,227,1/2-1/2,13,7,3,4,4,3
cannon_elephant,485,159,1-0,8,8,5,3,7,1
cannon_elephant,486,130,0-1,25,11,6,5,4,7
cannon_elephant,487,325,1/2-1/2,12,10,6,4,5,5
cannon_elephant,488,146,0-1,8,4,0,4,1,3
cannon_elephant,489,143,1-0,19,9,5,4,6,3
cannon_elephant,490,320,1/2-1/2,3,3,0,3,1,2
cannon_elephant,491,238,0-1,15,5,1,4,1,4
cannon_elephant,492,202,0-1,17,5,0,5,1,4
cannon_elephant,493,165,1/2-1/2,10,8,4,4,4,4
cannon_elephant,494,136,0-1,20,6,1,5,3,3
cannon_elephant,495,171,1-0,21,10,5,5,6,4
cannon_elephant,496,172,0-1,18,6,2,4,2,4
cannon_elephant,497,153,1-0,9,3,0,3,2,1
cannon_elephant,498,229,1/2-1/2,19,5,1,4,2,3
cannon_elephant,499,209,1-0,10,4,1,3,3,1
cannon_elephant,500,128,0-1,20,12,8,4,5,7
cannon_elephant,501,272,0-1,8,4,0,4,1,3
cannon_elephant,502,314,1/2-1/2,0,2,0,2,1,1
cannon_elephant,503,165,1-0,21,7,3,4,6,1
cannon_elephant,504,208,0-1,18,4,0,4,1,3
cannon_elephant,505,153,1-0,21,7,3,4,3,4
cannon_elephant,506,195,1-0,5,3,0,3,2,1
cannon_elephant,507,159,1/2-1/2,7,9,7,2,4,5
cannon_elephant,508,288,1/2-1/2,8,6,2,4,3,3
cannon_elephant,509,140,1/2-1/2,16,10,6,4,5,5
cannon_elephant,510,147,1-0,18,10,6,4,6,4
cannon_elephant,511,196,0-1,27,7,0,7,2,5
cannon_elephant,512,228,1/2-1/2,9,7,3,4,3,4
cannon_elephant,513,222,0-1,8,4,0,4,1,3
cannon_elephant,514,137,1-0,13,9,5,4,5,4
cannon_elephant,515,211,1/2-1/2,13,11,7,4,6,5
cannon_elephant,516,162,0-1,27,9,4,5,2,7
cannon_elephant,517,166,0-1,20,6,2,4,1,5
cannon_elephant,518,112,0-1,62,18,6,12,10,8
cannon_elephant,519,205,1-0,23,5,0,5,4,1
cannon_elephant,520,201,1-0,30,8,2,6,6,2
cannon_elephant,521,216,0-1,9,3,0,3,1,2
cannon_elephant,522,164,0-1,19,9,5,4,5,4
cannon_elephant,523,176,1/2-1/2,44,12,4,8,6,6
cannon_elephant,524,149,1-0,9,7,4,3,3,4
cannon_elephant,525,248,1/2-1/2,16,14,10,4,7,7
cannon_elephant,526,156,0-1,16,6,2,4,2,4
cannon_elephant,527,195,1-0,18,4,0,4,3,1
cannon_elephant,528,123,1-0,17,11,7,4,7,4
cannon_elephant,529,350,0-1,19,5,1,4,1,4
cannon_elephant,530,122,0-1,21,11,4,7,5,6
cannon_elephant,531,179,1-0,11,5,2,3,4,1
cannon_elephant,532,309,1-0,17,7,3,4,5,2
cannon_elephant,533,188,0-1,19,5,1,4,2,3
cannon_elephant,534,134,0-1,25,13,7,6,4,9
cannon_elephant,535,192,0-1,21,5,0,5,1,4
cannon_elephant,536,123,1-0,8,6,3,3,4,2
cannon_elephant,537,226,1/2-1/2,17,9,4,5,5,4
cannon_elephant,538,183,1-0,17,5,0,5,4,1
cannon_elephant,539,130,0-1,21,7,3,4,2,5
cannon_elephant,540,219,1-0,12,4,0,4,3,1
cannon_elephant,541,137,1-0,16,6,2,4,5,1
cannon_elephant,542,235,1-0,6,4,0,4,3,1
cannon_elephant,543,168,0-1,33,11,5,6,4,7
cannon_elephant,544,170,0-1,19,7,2,5,1,6
cannon_elephant,545,187,1/2-1/2,12,6,2,4,3,3
cannon_elephant,546,116,1/2-1/2,14,8,4,4,4,4
cannon_elephant,547,197,1-0,10,4,1,3,3,1
cannon_elephant,548,375,1/2-1/2,8,4,0,4,2,2
cannon_elephant,549,246,1/2-1/2,23,9,5,4,5,4
cannon_elephant,550,154,1/2-1/2,21,7,3,4,4,3
cannon_elephant,551,347,1/2-1/2,10,6,2,4,3,3
cannon_elephant,552,113,1-0,10,10,7,3,4,6
cannon_elephant,553,194,0-1,16,4,0,4,2,2
cannon_elephant,554,397,1/2-1/2,23,6,0,6,4,2
cannon_elephant,555,174,0-1,38,10,3,7,4,6
cannon_elephant,556,225,1-0,13,5,1,4,3,2
cannon_elephant,557,129,1/2-1/2,39,15,6,9,6,9
cannon_elephant,558,153,1-0,13,7,4,3,6,1
cannon_elephant,559,300,0-1,18,4,0,4,1,3
cannon_elephant,560,166,0-1,21,7,2,5,3,4
cannon_elephant,561,252,0-1,17,5,1,4,2,3
cannon_elephant,562,116,1/2-1/2,32,14,8,6,7,7
cannon_elephant,563,133,1-0,19,12,6,6,8,4
cannon_elephant,564,140,0-1,16,6,2,4,3,3
cannon_elephant,565,112,1/2-1/2,41,16,8,8,9,7
cannon_elephant,566,193,1/2-1/2,12,6,2,4,3,3
cannon_elephant,567,152,1/2-1/2,3,3,0,3,2,1
cannon_elephant,568,132,0-1,16,6,2,4,1,5
cannon_elephant,569,151,1/2-1/2,10,8,4,4,4,4
cannon_elephant,570,198,0-1,18,6,0,6,2,4
cannon_elephant,571,159,1-0,9,3,0,3,2,1
cannon_elephant,572,253,1/2-1/2,30,16,12,4,8,8
cannon_elephant,573,167,1-0,24,13,8,5,8,5
cannon_elephant,574,200,1/2-1/2,11,5,1,4,2,3
cannon_elephant,575,239,1-0,9,3,0,3,2,1
cannon_elephant,576,322,1/2-1/2,19,5,1,4,2,3
cannon_elephant,577,148,0-1,28,8,3,5,4,4
cannon_elephant,578,201,1-0,27,8,2,6,5,3
cannon_elephant,579,211,1/2-1/2,9,6,2,4,3,3
cannon_elephant,580,259,1-0,3,5,3,2,3,2
cannon_elephant,581,128,0-1,35,12,5,7,5,7
cannon_elephant,582,154,0-1,17,7,3,4,2,5
cannon_elephant,583,199,1/2-1/2,21,7,3,4,3,4
cannon_elephant,584,166,0-1,20,8,3,5,2,6
cannon_elephant,585,194,1/2-1/2,68,24,14,10,12,12
cannon_elephant,586,278,0-1,17,12,7,5,4,8
cannon_elephant,587,206,1/2-1/2,10,8,4,4,4,4
cannon_elephant,588,123,1/2-1/2,27,9,3,6,4,5
cannon_elephant,589,201,1-0,15,7,3,4,5,2
cannon_elephant,590,206,1/2-1/2,8,6,2,4,3,3
cannon_elephant,591,182,0-1,20,6,2,4,2,4
cannon_elephant,592,194,0-1,19,5,0,5,2,3
cannon_elephant,593,231,1-0,15,9,6,3,7,2
cannon_elephant,594,398,0-1,37,17,9,8,8,9
cannon_elephant,595,208,0-1,19,5,1,4,1,4
cannon_elephant,596,140,0-1,30,10,5,5,4,6
cannon_elephant,597,253,1/2-1/2,8,4,0,4,1,3
cannon_elephant,598,193,1-0,17,6,1,5,5,1
cannon_elephant,599,188,0-1,20,6,2,4,1,5
cannon_elephant,600,216,0-1,21,5,0,5,2,3
cannon_elephant,601,263,1/2-1/2,8,6,2,4,3,3
cannon_elephant,602,139,1-0,20,6,2,4,5,1
cannon_elephant,603,105,1-0,24,12,7,5,7,5
cannon_elephant,604,168,0-1,16,6,2,4,2,4
cannon_elephant,605,177,1-0,17,5,0,5,4,1
cannon_elephant,606,133,1-0,22,8,4,4,6,2
cannon_elephant,607,167,1-0,24,13,8,5,9,4
cannon_elephant,608,236,0-1,23,9,5,4,3,6
cannon_elephant,609,244,0-1,21,7,2,5,3,4
cannon_elephant,610,268,0-1,21,5,0,5,1,4
cannon_elephant,611,406,0-1,16,8,4,4,3,5
cannon_elephant,612,149,1-0,17,5,0,5,4,1
cannon_elephant,613,117,1/2-1/2,23,9,4,5,4,5
cannon_elephant,614,158,0-1,17,5,0,5,2,3
cannon_elephant,615,154,0-1,15,7,3,4,2,5
cannon_elephant,616,172,0-1,29,7,1,6,3,4
cannon_elephant,617,201,1-0,9,3,0,3,2,1
cannon_elephant,618,152,0-1,14,4,0,4,1,3
cannon_elephant,619,128,0-1,27,12,6,6,3,9
cannon_elephant,620,266,0-1,8,4,0,4,1,3
cannon_elephant,621,178,0-1,18,4,0,4,1,3
cannon_elephant,622,209,1/2-1/2,3,3,0,3,1,2
cannon_elephant,623,135,1-0,2,4,2,2,3,1
cannon_elephant,624,143,1/2-1/2,23,9,5,4,4,5
cannon_elephant,625,195,1-0,21,7,3,4,4,3
cannon_elephant,626,194,0-1,12,4,0,4,1,3
cannon_elephant,627,161,1/2-1/2,12,6,2,4,3,3
cannon_elephant,628,120,1/2-1/2,28,14,10,4,7,7
cannon_elephant,629,185,1/2-1/2,19,8,3,5,4,4
cannon_elephant,630,252,0-1,17,6,1,5,1,5
cannon_elephant,631,262,1/2-1/2,16,6,1,5,3,3
cannon_elephant,632,196,1/2-1/2,19,7,2,5,5,2
cannon_elephant,633,154,0-1,16,6,2,4,1,5
cannon_elephant,634,164,1/2-1/2,18,4,0,4,2,2
cannon_elephant,635,212,0-1,15,5,1,4,1,4
cannon_elephant,636,169,1-0,14,4,0,4,3,1
cannon_elephant,637,222,0-1,8,5,1,4,1,4
cannon_elephant,638,152,0-1,17,7,3,4,2,5
cannon_elephant,639,205,1-0,12,4,0,4,3,1
cannon_elephant,640,255,1-0,30,12,7,5,7,5
cannon_elephant,641,122,1/2-1/2,56,21,9,12,9,12
cannon_elephant,642,532,1/2-1/2,39,19,13,6,9,10
cannon_elephant,643,149,1-0,16,5,0,5,4,1
cannon_elephant,644,231,1-0,9,3,0,3,2,1
cannon_elephant,645,188,0-1,22,6,1,5,1,5
cannon_elephant,646,218,0-1,6,4,1,3,1,3
cannon_elephant,647,104,1/2-1/2,25,11,7,4,6,5
cannon_elephant,648,170,0-1,16,6,1,5,1,5
cannon_elephant,649,131,1/2-1/2,6,8,6,2,4,4
cannon_elephant,650,155,1-0,25,9,4,5,6,3
cannon_elephant,651,180,0-1,8,6,3,3,1,5
cannon_elephant,652,149,1/2-1/2,3,3,0,3,2,1
cannon_elephant,653,140,0-1,18,4,0,4,1,3
cannon_elephant,654,193,1-0,12,4,0,4,3,1
cannon_elephant,655,252,0-1,5,3,0,3,1,2
cannon_elephant,656,114,0-1,29,13,7,6,4,9
cannon_elephant,657,131,1/2-1/2,0,2,0,2,1,1
cannon_elephant,658,134,0-1,41,14,7,7,4,10
cannon_elephant,659,243,1-0,20,8,3,5,5,3
cannon_elephant,660,231,1-0,24,6,1,5,5,1
cannon_elephant,661,134,1/2-1/2,33,15,10,5,8,7
cannon_elephant,662,193,1-0,20,12,8,4,7,5
cannon_elephant,663,162,0-1,13,7,4,3,2,5
cannon_elephant,664,127,1-0,0,2,0,2,1,1
cannon_elephant,665,307,1-0,9,3,0,3,2,1
cannon_elephant,666,88,1/2-1/2,57,19,7,12,9,10
cannon_elephant,667,205,1-0,17,7,3,4,4,3
cannon_elephant,668,261,1-0,20,9,4,5,7,2
cannon_elephant,669,299,1/2-1/2,3,3,0,3,2,1
cannon_elephant,670,123,1-0,28,12,6,6,7,5
cannon_elephant,671,232,0-1,25,9,4,5,3,6
cannon_elephant,672,179,1-0,11,5,2,3,3,2
cannon_elephant,673,142,1/2-1/2,6,8,6,2,4,4
cannon_elephant,674,145,1-0,20,10,4,6,7,3
cannon_elephant,675,193,1-0,19,5,1,4,4,1
cannon_elephant,676,109,1/2-1/2,17,14,10,4,5,9
cannon_elephant,677,415,1-0,2,4,2,2,2,2
cannon_elephant,678,87,1/2-1/2,50,18,8,10,11,7
cannon_elephant,679,203,1-0,18,4,0,4,3,1
cannon_elephant,680,184,1/2-1/2,3,3,0,3,2,1
cannon_elephant,681,160,1/2-1/2,22,8,4,4,4,4
cannon_elephant,682,154,1/2-1/2,30,16,12,4,8,8
cannon_elephant,683,158,0-1,22,6,1,5,1,5
cannon_elephant,684,181,1/2-1/2,23,7,2,5,4,3
cannon_elephant,685,130,0-1,32,13,6,7,4,9
cannon_elephant,686,121,1-0,16,8,4,4,6,2
cannon_elephant,687,173,1/2-1/2,42,16,7,9,8,8
cannon_elephant,688,361,1/2-1/2,16,5,0,5,3,2
cannon_elephant,689,162,0-1,22,8,4,4,3,5
cannon_elephant,690,127,1-0,31,11,5,6,8,3
cannon_elephant,691,185,1-0,18,6,1,5,5,1
cannon_elephant,692,137,1-0,22,8,4,4,5,3
cannon_elephant,693,149,1/2-1/2,0,2,0,2,1,1
cannon_elephant,694,167,1-0,8,6,3,3,4,2
cannon_elephant,695,164,1/2-1/2,15,8,3,5,4,4
cannon_elephant,696,130,0-1,23,11,6,5,3,8
cannon_elephant,697,206,0-1,5,3,0,3,1,2
cannon_elephant,698,199,1-0,6,6,3,3,4,2
cannon_elephant,699,197,1-0,18,4,0,4,3,1
cannon_elephant,700,90,0-1,52,18,11,7,9,9
cannon_elephant,701,155,1-0,10,8,5,3,5,3
cannon_elephant,702,272,0-1,10,8,5,3,3,5
cannon_elephant,703,178,0-1,15,7,3,4,3,4
cannon_elephant,704,173,1-0,13,5,1,4,4,1
cannon_elephant,705,248,0-1,15,7,3,4,1,6
cannon_elephant,706,231,1/2-1/2,10,8,4,4,4,4
cannon_elephant,707,210,1/2-1/2,19,6,0,6,4,2
cannon_elephant,708,233,1/2-1/2,3,3,0,3,1,2
cannon_elephant,709,173,1-0,16,6,2,4,4,2
cannon_elephant,710,114,1/2-1/2,43,17,9,8,9,8
cannon_elephant,711,284,1/2-1/2,12,5,0,5,3,2
cannon_elephant,712,159,1-0,17,7,3,4,6,1
cannon_elephant,713,144,1/2-1/2,40,15,8,7,8,7
cannon_elephant,714,135,1-0,19,5,1,4,3,2
cannon_elephant,715,170,1/2-1/2,0,2,0,2,1,1
cannon_elephant,716,187,1-0,10,4,1,3,3,1
cannon_elephant,717,136,1/2-1/2,22,12,6,6,6,6
cannon_elephant,718,183,1-0,9,5,1,4,4,1
cannon_elephant,719,209,1-0,7,5,2,3,4,1
cannon_elephant,720,206,1/2-1/2,98,32,12,20,16,16
cannon_elephant,721,350,0-1,18,4,0,4,1,3
cannon_elephant,722,158,0-1,19,5,1,4,1,4
cannon_elephant,723,188,0-1,9,3,0,3,1,2
cannon_elephant,724,155,1-0,21,9,3,6,7,2
cannon_elephant,725,152,0-1,19,5,1,4,1,4
cannon_elephant,726,152,0-1,19,7,2,5,1,6
cannon_elephant,727,169,1-0,8,8,5,3,4,4
cannon_elephant,728,145,1-0,27,8,1,7,5,3
cannon_elephant,729,162,1/2-1/2,10,8,4,4,4,4
cannon_elephant,730,148,1/2-1/2,8,6,3,3,4,2
cannon_elephant,731,194,0-1,18,4,0,4,1,3
cannon_elephant,732,177,1-0,6,4,1,3,3,1
cannon_elephant,733,224,0-1,19,7,3,4,3,4
cannon_elephant,734,220,0-1,17,5,1,4,2,3
cannon_elephant,735,327,1-0,19,7,2,5,6,1
cannon_elephant,736,176,0-1,14,6,2,4,1,5
cannon_elephant,737,125,1-0,20,6,2,4,4,2
cannon_elephant,738,170,1/2-1/2,0,2,0,2,1,1
cannon_elephant,739,149,1-0,15,5,1,4,4,1
cannon_elephant,740,144,0-1,20,9,4,5,3,6
cannon_elephant,741,222,0-1,21,7,3,4,1,6
cannon_elephant,742,124,0-1,30,10,5,5,6,4
cannon_elephant,743,307,1/2-1/2,0,2,0,2,1,1
cannon_elephant,744,211,1/2-1/2,26,16,10,6,8,8
cannon_elephant,745,136,0-1,18,6,2,4,2,4
cannon_elephant,746,162,0-1,21,9,4,5,2,7
cannon_elephant,747,303,1-0,9,3,0,3,2,1
cannon_elephant,748,117,1/2-1/2,0,2,0,2,1,1
cannon_elephant,749,201,1-0,1,3,1,2,2,1
cannon_elephant,750,186,0-1,20,6,1,5,3,3
cannon_elephant,751,164,0-1,14,8,5,3,3,5
cannon_elephant,752,156,0-1,26,10,5,5,3,7
cannon_elephant,753,119,1-0,18,8,4,4,4,4
cannon_elephant,754,107,1-0,14,8,5,3,5,3
cannon_elephant,755,154,0-1,10,4,1,3,1,3
cannon_elephant,756,138,0-1,28,12,7,5,4,8
cannon_elephant,757,152,0-1,19,7,2,5,2,5
cannon_elephant,758,133,1-0,22,8,4,4,6,2
cannon_elephant,759,147,1-0,5,3,0,3,2,1
cannon_elephant,760,183,1-0,4,4,1,3,3,1
cannon_elephant,761,162,1/2-1/2,20,10,4,6,5,5
cannon_elephant,762,177,1-0,0,2,0,2,1,1
cannon_elephant,763,133,1-0,15,11,7,4,6,5
cannon_elephant,764,186,0-1,17,5,0,5,2,3
cannon_elephant,765,125,1-0,14,8,5,3,5,3
cannon_elephant,766,176,0-1,17,5,0,5,1,4
cannon_elephant,767,191,1-0,15,5,1,4,4,1
cannon_elephant,768,119,1-0,15,5,1,4,4,1
cannon_elephant,769,167,1-0,10,4,1,3,3,1
cannon_elephant,770,135,1/2-1/2,37,14,7,7,7,7
cannon_elephant,771,185,1-0,27,11,6,5,7,4
cannon_elephant,772,112,1/2-1/2,32,12,6,6,6,6
cannon_elephant,773,153,1-0,20,6,1,5,5,1
cannon_elephant,774,149,1-0,18,11,6,5,7,4
cannon_elephant,775,157,1-0,20,6,2,4,4,2
cannon_elephant,776,167,1/2-1/2,14,8,4,4,4,4
cannon_elephant,777,145,1-0,14,4,0,4,3,1
cannon_elephant,778,166,0-1,17,5,0,5,1,4
cannon_elephant,779,217,1-0,12,4,0,4,3,1
cannon_elephant,780,178,1/2-1/2,57,16,6,10,8,8
cannon_elephant,781,149,1-0,13,5,1,4,4,1
cannon_elephant,782,149,1-0,14,4,0,4,3,1
cannon_elephant,783,173,1-0,9,5,1,4,4,1
cannon_elephant,784,172,0-1,16,8,4,4,2,6
cannon_elephant,785,124,0-1,24,10,5,5,4,6
cannon_elephant,786,121,1-0,24,9,3,6,7,2
cannon_elephant,787,179,1-0,9,7,4,3,5,2
cannon_elephant,788,240,0-1,16,5,0,5,1,4
cannon_elephant,789,189,1-0,20,6,2,4,4,2
cannon_elephant,790,458,1/2-1/2,8,4,0,4,2,2
cannon_elephant,791,173,1/2-1/2,10,8,4,4,4,4
cannon_elephant,792,94,0-1,34,15,7,8,7,8
cannon_elephant,793,301,1-0,8,4,0,4,3,1
cannon_elephant,794,147,1-0,21,7,3,4,5,2
cannon_elephant,795,159,1-0,6,6,3,3,3,3
cannon_elephant,796,223,1-0,9,3,0,3,2,1
cannon_elephant,797,143,1-0,14,6,2,4,4,2
cannon_elephant,798,213,1-0,11,5,2,3,4,1
cannon_elephant,799,236,0-1,15,5,1,4,1,4
cannon_elephant,800,118,0-1,31,14,7,7,4,10
cannon_elephant,801,151,1-0,21,7,3,4,6,1
cannon_elephant,802,142,0-1,29,9,4,5,4,5
cannon_elephant,803,295,1-0,18,4,0,4,3,1
cannon_elephant,804,128,0-1,34,13,6,7,4,9
cannon_elephant,805,243,1-0,5,3,0,3,2,1
cannon_elephant,806,170,0-1,6,4,1,3,1,3
cannon_elephant,807,115,1/2-1/2,29,11,6,5,6,5
cannon_elephant,808,147,1-0,20,6,1,5,5,1
cannon_elephant,809,132,0-1,18,6,2,4,2,4
cannon_elephant,810,149,1/2-1/2,0,2,0,2,1,1
cannon_elephant,811,144,0-1,21,9,5,4,5,4
cannon_elephant,812,133,1/2-1/2,20,6,2,4,2,4
cannon_elephant,813,134,0-1,14,7,2,5,1,6
cannon_elephant,814,149,1-0,10,4,1,3,3,1
cannon_elephant,815,141,1-0,4,4,1,3,3,1
cannon_elephant,816,210,0-1,13,5,1,4,1,4
cannon_elephant,817,114,1/2-1/2,30,12,6,6,7,5
cannon_elephant,818,157,1-0,7,7,4,3,4,3
cannon_elephant,819,236,1/2-1/2,20,6,2,4,3,3
cannon_elephant,820,175,1-0,19,5,1,4,4,1
cannon_elephant,821,368,1/2-1/2,11,9,5,4,4,5
cannon_elephant,822,147,1/2-1/2,12,6,2,4,3,3
cannon_elephant,823,202,0-1,30,12,7,5,4,8
cannon_elephant,824,131,1/2-1/2,16,10,6,4,5,5
cannon_elephant,825,203,1-0,22,6,1,5,5,1
cannon_elephant,826,125,1-0,15,5,1,4,4,1
cannon_elephant,827,172,0-1,23,11,7,4,4,7
cannon_elephant,828,171,1-0,14,6,2,4,5,1
cannon_elephant,829,164,0-1,16,6,2,4,1,5
cannon_elephant,830,304,1/2-1/2,18,7,2,5,3,4
cannon_elephant,831,153,1-0,7,5,2,3,4,1
cannon_elephant,832,320,0-1,21,13,9,4,4,9
cannon_elephant,833,166,0-1,13,5,1,4,1,4
cannon_elephant,834,183,1-0,5,3,0,3,2,1
cannon_elephant,835,141,1-0,21,7,3,4,5,2
cannon_elephant,836,239,1/2-1/2,3,3,0,3,2,1
cannon_elephant,837,133,1-0,9,3,0,3,2,1
cannon_elephant,838,134,0-1,24,12,8,4,6,6
cannon_elephant,839,134,0-1,20,9,4,5,3,6
cannon_elephant,840,276,0-1,18,4,0,4,1,3
cannon_elephant,841,259,1/2-1/2,30,12,6,6,5,7
cannon_elephant,842,199,1-0,9,3,0,3,2,1
cannon_elephant,843,233,1-0,6,4,1,3,3,1
cannon_elephant,844,170,0-1,12,6,2,4,1,5
cannon_elephant,845,254,0-1,18,4,0,4,1,3
cannon_elephant,846,172,0-1,23,7,2,5,1,6
cannon_elephant,847,210,1/2-1/2,0,2,0,2,1,1
cannon_elephant,848,215,1-0,9,3,0,3,2,1
cannon_elephant,849,125,1-0,11,8,4,4,7,1
cannon_elephant,850,241,1/2-1/2,5,5,2,3,2,3
cannon_elephant,851,367,1/2-1/2,8,4,0,4,2,2
cannon_elephant,852,164,0-1,16,6,2,4,2,4
cannon_elephant,853,218,0-1,18,4,0,4,1,3
cannon_elephant,854,172,0-1,20,8,4,4,4,4
cannon_elephant,855,113,1/2-1/2,18,11,6,5,6,5
cannon_elephant,856,227,1-0,24,10,6,4,6,4
cannon_elephant,857,182,0-1,13,5,1,4,1,4
cannon_elephant,858,271,1/2-1/2,10,4,0,4,2,2
cannon_elephant,859,258,1/2-1/2,9,5,0,5,2,3
cannon_elephant,860,116,0-1,21,7,3,4,1,6
cannon_elephant,861,156,0-1,27,9,3,6,4,5
cannon_elephant,862,247,1-0,7,4,0,4,3,1
cannon_elephant,863,241,1-0,5,3,0,3,2,1
cannon_elephant,864,125,1-0,21,7,3,4,6,1
cannon_elephant,865,139,1-0,20,9,4,5,5,4
cannon_elephant,866,165,1-0,9,3,0,3,2,1
cannon_elephant,867,182,1/2-1/2,3,3,0,3,1,2
cannon_elephant,868,231,1-0,4,6,4,2,4,2
cannon_elephant,869,147,1-0,24,10,5,5,6,4
cannon_elephant,870,161,1-0,19,11,6,5,6,5
cannon_elephant,871,135,1/2-1/2,3,3,0,3,1,2
cannon_elephant,872,174,0-1,18,4,0,4,1,3
cannon_elephant,873,287,1/2-1/2,6,4,1,3,2,2
cannon_elephant,874,163,1-0,16,9,4,5,5,4
cannon_elephant,875,330,0-1,13,5,1,4,1,4
cannon_elephant,876,171,1-0,4,4,1,3,3,1
cannon_elephant,877,147,1-0,6,4,1,3,3,1
cannon_elephant,878,205,1-0,20,6,2,4,4,2
cannon_elephant,879,171,1-0,26,16,12,4,9,7
cannon_elephant,880,175,1/2-1/2,18,7,2,5,4,3
cannon_elephant,881,154,0-1,17,7,3,4,3,4
cannon_elephant,882,256,0-1,23,7,2,5,2,5
cannon_elephant,883,217,1-0,10,4,1,3,3,1
cannon_elephant,884,155,1-0,2,4,2,2,3,1
cannon_elephant,885,201,1/2-1/2,11,5,1,4,2,3
cannon_elephant,886,162,0-1,42,14,6,8,6,8
cannon_elephant,887,182,0-1,15,7,3,4,2,5
cannon_elephant,888,113,1-0,21,11,7,4,7,4
cannon_elephant,889,203,1-0,5,3,0,3,2,1
cannon_elephant,890,359,1/2-1/2,16,9,4,5,5,4
cannon_elephant,891,168,0-1,13,9,5,4,2,7
cannon_elephant,892,212,0-1,19,5,1,4,2,3
cannon_elephant,893,148,1/2-1/2,8,10,8,2,5,5
cannon_elephant,894,354,1/2-1/2,10,4,0,4,2,2
cannon_elephant,895,327,1/2-1/2,56,26,14,12,13,13
cannon_elephant,896,142,0-1,26,12,6,6,4,8
cannon_elephant,897,201,1/2-1/2,6,4,1,3,2,2
cannon_elephant,898,201,1-0,24,11,5,6,7,4
cannon_elephant,899,211,1-0,14,4,0,4,3,1
cannon_elephant,900,98,1/2-1/2,36,16,8,8,7,9
cannon_elephant,901,153,1/2-1/2,3,3,0,3,2,1
cannon_elephant,902,170,0-1,15,9,6,3,2,7
cannon_elephant,903,152,0-1,6,4,1,3,1,3
cannon_elephant,904,156,0-1,10,4,1,3,1,3
cannon_elephant,905,173,1-0,8,5,1,4,4,1
cannon_elephant,906,130,0-1,16,6,2,4,1,5
cannon_elephant,907,156,1/2-1/2,22,8,4,4,4,4
cannon_elephant,908,201,1-0,12,4,0,4,3,1
cannon_elephant,909,272,1/2-1/2,60,23,11,12,10,13
cannon_elephant,910,176,1/2-1/2,10,12,10,2,6,6
cannon_elephant,911,148,0-1,19,7,3,4,4,3
cannon_elephant,912,153,1-0,7,5,2,3,4,1
cannon_elephant,913,173,1-0,17,7,3,4,5,2
cannon_elephant,914,188,0-1,13,5,1,4,1,4
cannon_elephant,915,116,1/2-1/2,6,8,6,2,4,4
cannon_elephant,916,227,1-0,14,10,6,4,7,3
cannon_elephant,917,159,1-0,13,5,1,4,4,1
cannon_elephant,918,184,0-1,16,6,2,4,3,3
cannon_elephant,919,390,0-1,28,6,1,5,3,3
cannon_elephant,920,221,1/2-1/2,22,10,5,5,4,6
cannon_elephant,921,198,1/2-1/2,12,10,6,4,5,5
cannon_elephant,922,275,1-0,5,3,0,3,2,1
cannon_elephant,923,123,1-0,28,13,5,8,9,4
cannon_elephant,924,109,1-0,24,12,7,5,7,5
cannon_elephant,925,165,1-0,19,5,1,4,4,1
cannon_elephant,926,220,0-1,21,7,3,4,1,6
cannon_elephant,927,220,0-1,15,7,3,4,2,5
cannon_elephant,928,164,1/2-1/2,12,6,2,4,3,3
cannon_elephant,929,152,0-1,25,12,6,6,3,9
cannon_elephant,930,211,1/2-1/2,0,2,0,2,1,1
cannon_elephant,931,138,0-1,32,11,4,7,3,8
cannon_elephant,932,197,1-0,14,8,5,3,5,3
cannon_elephant,933,142,1/2-1/2,12,10,6,4,5,5
cannon_elephant,934,192,0-1,28,8,2,6,2,6
cannon_elephant,935,145,1-0,4,4,1,3,2,2
cannon_elephant,936,160,0-1,20,6,2,4,3,3
cannon_elephant,937,328,1/2-1/2,9,5,1,4,3,2
cannon_elephant,938,277,1-0,18,4,0,4,3,1
cannon_elephant,939,200,0-1,13,7,4,3,3,4
cannon_elephant,940,151,1-0,19,5,1,4,4,1
cannon_elephant,941,143,1/2-1/2,12,14,12,2,7,7
cannon_elephant,942,171,1-0,6,6,3,3,4,2
cannon_elephant,943,131,1-0,14,4,0,4,3,1
cannon_elephant,944,168,0-1,21,11,7,4,5,6
cannon_elephant,945,160,0-1,21,9,3,6,4,5
cannon_elephant,946,221,1-0,18,4,0,4,3,1
cannon_elephant,947,145,1-0,8,10,8,2,5,5
cannon_elephant,948,153,1-0,22,6,1,5,4,2
cannon_elephant,949,223,1/2-1/2,0,2,0,2,1,1
cannon_elephant,950,125,1/2-1/2,21,7,3,4,4,3
cannon_elephant,951,331,1-0,17,6,1,5,4,2
cannon_elephant,952,183,1-0,19,5,1,4,4,1
cannon_elephant,953,201,1-0,3,3,0,3,2,1
cannon_elephant,954,251,1/2-1/2,0,2,0,2,1,1
cannon_elephant,955,129,1-0,21,7,3,4,6,1
cannon_elephant,956,214,1/2-1/2,0,2,0,2,1,1
cannon_elephant,957,199,1-0,19,5,1,4,4,1
cannon_elephant,958,164,0-1,11,5,2,3,1,4
cannon_elephant,959,103,1/2-1/2,59,20,8,12,8,12
cannon_elephant,960,170,0-1,16,4,0,4,2,2
cannon_elephant,961,127,1-0,21,10,5,5,7,3
cannon_elephant,962,260,0-1,15,5,1,4,1,4
cannon_elephant,963,237,1/2-1/2,0,2,0,2,1,1
cannon_elephant,964,299,1-0,9,3,0,3,2,1
cannon_elephant,965,197,1/2-1/2,3,3,0,3,2,1
cannon_elephant,966,165,1-0,4,4,1,3,3,1
cannon_elephant,967,119,1/2-1/2,24,10,4,6,5,5
cannon_elephant,968,133,1-0,12,6,3,3,5,1
cannon_elephant,969,195,1-0,18,4,0,4,3,1
cannon_elephant,970,103,1-0,25,11,7,4,7,4
cannon_elephant,971,213,1-0,5,3,0,3,2,1
cannon_elephant,972,220,0-1,22,8,4,4,2,6
cannon_elephant,973,183,1-0,9,3,0,3,2,1
cannon_elephant,974,235,1/2-1/2,41,18,9,9,9,9
cannon_elephant,975,106,1/2-1/2,32,14,9,5,6,8
cannon_elephant,976,200,1/2-1/2,29,9,3,6,5,4
cannon_elephant,977,147,1-0,20,8,2,6,6,2
cannon_elephant,978,186,0-1,21,7,3,4,2,5
cannon_elephant,979,165,1/2-1/2,8,6,3,3,4,2
cannon_elephant,980,180,0-1,22,8,3,5,3,5
cannon_elephant,981,134,0-1,25,13,9,4,7,6
cannon_elephant,982,149,1-0,14,6,2,4,5,1
cannon_elephant,983,146,0-1,12,6,3,3,2,4
cannon_elephant,984,286,0-1,9,3,0,3,1,2
cannon_elephant,985,150,0-1,23,9,4,5,4,5
cannon_elephant,986,164,1/2-1/2,31,9,2,7,5,4
cannon_elephant,987,183,1-0,18,4,0,4,3,1
cannon_elephant,988,163,1-0,27,7,1,6,5,2
cannon_elephant,989,242,0-1,25,7,1,6,2,5
cannon_elephant,990,161,1-0,16,8,4,4,7,1
cannon_elephant,991,194,0-1,16,6,1,5,2,4
cannon_elephant,992,282,0-1,20,6,2,4,1,5
cannon_elephant,993,166,0-1,18,4,0,4,1,3
cannon_elephant,994,196,0-1,15,5,1,4,2,3
cannon_elephant,995,139,1/2-1/2,20,14,9,5,7,7
cannon_elephant,996,94,0-1,58,21,10,11,10,11
cannon_elephant,997,153,1-0,19,5,1,4,4,1
cannon_elephant,998,207,1-0,5,3,0,3,2,1
cannon_elephant,999,151,1-0,18,4,0,4,3,1
cannon_elephant,1000,240,0-1,8,4,0,4,1,3
cannon_elephant,1001,187,1-0,18,4,0,4,3,1
cannon_elephant,1002,197,1/2-1/2,29,9,4,5,4,5
cannon_elephant,1003,158,0-1,30,12,6,6,5,7
cannon_elephant,1004,157,1-0,7,7,4,3,4,3
cannon_elephant,1005,133,1-0,40,13,4,9,6,7
cannon_elephant,1006,169,1-0,9,3,0,3,2,1
cannon_elephant,1007,112,0-1,33,13,6,7,7,6
cannon_elephant,1008,133,1-0,17,7,3,4,6,1
cannon_elephant,1009,204,0-1,19,5,0,5,2,3
cannon_elephant,1010,139,1-0,22,8,4,4,5,3
cannon_elephant,1011,154,0-1,10,4,1,3,1,3
cannon_elephant,1012,121,1-0,27,11,4,7,6,5
cannon_elephant,1013,94,0-1,41,20,12,8,8,12
cannon_elephant,1014,131,1-0,15,10,5,5,7,3
cannon_elephant,1015,302,1/2-1/2,42,18,10,8,9,9
cannon_elephant,1016,176,0-1,21,9,5,4,4,5
cannon_elephant,1017,161,1-0,14,4,0,4,3,1
cannon_elephant,1018,159,1-0,18,4,0,4,3,1
cannon_elephant,1019,185,1-0,24,12,7,5,8,4
cannon_elephant,1020,309,1-0,19,7,2,5,6,1
cannon_elephant,1021,137,1/2-1/2,12,10,6,4,5,5
cannon_elephant,1022,139,1/2-1/2,17,9,3,6,4,5
cannon_elephant,1023,170,0-1,33,11,4,7,6,5
cannon_elephant,1024,142,0-1,21,9,4,5,5,4
cannon_elephant,1025,170,0-1,19,5,0,5,2,3
cannon_elephant,1026,197,1-0,23,7,2,5,6,1
cannon_elephant,1027,178,0-1,19,7,3,4,3,4
cannon_elephant,1028,168,0-1,22,8,4,4,2,6
cannon_elephant,1029,184,0-1,25,7,1,6,3,4
cannon_elephant,1030,141,1/2-1/2,34,14,8,6,7,7
cannon_elephant,1031,268,1/2-1/2,24,8,3,5,6,2
cannon_elephant,1032,244,0-1,19,5,0,5,2,3
cannon_elephant,1033,305,1/2-1/2,8,6,2,4,3,3
cannon_elephant,1034,171,1-0,18,11,6,5,7,4
cannon_elephant,1035,172,1/2-1/2,86,28,12,16,14,14
cannon_elephant,1036,412,1/2-1/2,11,9,5,4,4,5
cannon_elephant,1037,210,0-1,19,5,1,4,1,4
cannon_elephant,1038,151,1-0,27,11,6,5,7,4
cannon_elephant,1039,172,0-1,27,7,1,6,1,6
cannon_elephant,1040,133,1-0,22,10,5,5,7,3
cannon_elephant,1041,165,1-0,6,6,3,3,3,3
cannon_elephant,1042,409,1/2-1/2,10,8,4,4,4,4
cannon_elephant,1043,116,0-1,26,10,5,5,3,7
cannon_elephant,1044,112,0-1,26,14,8,6,6,8
cannon_elephant,1045,134,0-1,19,5,1,4,1,4
cannon_elephant,1046,227,1/2-1/2,24,10,6,4,5,5
cannon_elephant,1047,304,0-1,9,3,0,3,1,2
cannon_elephant,1048,316,0-1,14,4,0,4,1,3
cannon_elephant,1049,163,1/2-1/2,12,14,12,2,7,7
cannon_elephant,1050,164,1/2-1/2,12,6,2,4,3,3
cannon_elephant,1051,171,1-0,3,5,3,2,3,2
cannon_elephant,1052,330,0-1,9,3,0,3,1,2
cannon_elephant,1053,147,1-0,14,4,0,4,3,1
cannon_elephant,1054,224,1/2-1/2,106,36,14,22,18,18
cannon_elephant,1055,142,0-1,15,5,1,4,1,4
cannon_elephant,1056,114,1/2-1/2,26,16,10,6,8,8
cannon_elephant,1057,237,1-0,18,4,0,4,3,1
cannon_elephant,1058,120,0-1,25,11,7,4,4,7
cannon_elephant,1059,182,0-1,16,6,2,4,1,5
cannon_elephant,1060,166,1/2-1/2,27,11,4,7,7,4
cannon_elephant,1061,227,1-0,17,7,2,5,6,1
cannon_elephant,1062,125,1/2-1/2,26,12,8,4,6,6
cannon_elephant,1063,118,0-1,22,6,1,5,2,4
cannon_elephant,1064,208,0-1,12,6,2,4,1,5
cannon_elephant,1065,303,1-0,21,9,4,5,6,3
cannon_elephant,1066,227,1/2-1/2,15,9,5,4,4,5
cannon_elephant,1067,144,0-1,16,6,2,4,1,5
cannon_elephant,1068,174,0-1,20,8,4,4,3,5
cannon_elephant,1069,204,0-1,17,6,1,5,1,5
cannon_elephant,1070,121,1-0,10,8,5,3,4,4
cannon_elephant,1071,228,1/2-1/2,12,10,6,4,5,5
cannon_elephant,1072,127,1-0,25,9,4,5,6,3
cannon_elephant,1073,166,1/2-1/2,18,4,0,4,2,2
cannon_elephant,1074,159,1-0,7,9,7,2,6,3
cannon_elephant,1075,302,0-1,31,11,6,5,4,7
cannon_elephant,1076,176,1/2-1/2,0,2,0,2,1,1
cannon_elephant,1077,218,0-1,18,4,0,4,1,3
cannon_elephant,1078,83,1-0,21,13,8,5,8,5
cannon_elephant,1079,126,0-1,26,10,4,6,3,7
cannon_elephant,1080,209,1/2-1/2,3,3,0,3,2,1
cannon_elephant,1081,200,1/2-1/2,3,3,0,3,1,2
cannon_elephant,1082,251,1/2-1/2,3,3,0,3,1,2
cannon_elephant,1083,116,1/2-1/2,37,16,6,10,7,9
cannon_elephant,1084,169,1-0,29,9,3,6,5,4
cannon_elephant,1085,212,0-1,34,12,6,6,4,8
cannon_elephant,1086,219,1-0,26,8,3,5,5,3
cannon_elephant,1087,173,1/2-1/2,31,13,7,6,8,5
cannon_elephant,1088,185,1-0,41,11,2,9,6,5
cannon_elephant,1089,133,1-0,15,7,3,4,6,1
cannon_elephant,1090,505,1-0,12,4,0,4,3,1
cannon_elephant,1091,96,0-1,25,14,8,6,5,9
cannon_elephant,1092,254,1/2-1/2,9,5,1,4,2,3
cannon_elephant,1093,179,1-0,8,8,5,3,5,3
cannon_elephant,1094,151,1-0,5,3,0,3,2,1
cannon_elephant,1095,278,0-1,11,5,2,3,1,4
cannon_elephant,1096,196,1/2-1/2,21,7,3,4,4,3
cannon_elephant,1097,107,1-0,16,11,6,5,7,4
cannon_elephant,1098,110,0-1,30,10,5,5,4,6
cannon_elephant,1099,208,0-1,12,8,4,4,2,6
cannon_elephant,1100,124,0-1,18,8,4,4,1,7
cannon_elephant,1101,228,1/2-1/2,8,6,2,4,3,3
cannon_elephant,1102,188,0-1,26,7,0,7,2,5
cannon_elephant,1103,113,1-0,19,11,6,5,5,6
cannon_elephant,1104,206,0-1,17,5,1,4,2,3
cannon_elephant,1105,147,1-0,3,5,3,2,3,2
cannon_elephant,1106,166,0-1,18,4,0,4,1,3
cannon_elephant,1107,165,1-0,9,3,0,3,2,1
cannon_elephant,1108,174,0-1,23,9,4,5,3,6
cannon_elephant,1109,145,1-0,27,11,4,7,6,5
cannon_elephant,1110,188,0-1,21,5,0,5,1,4
cannon_elephant,1111,222,0-1,8,4,0,4,1,3
cannon_elephant,1112,139,1-0,14,4,0,4,3,1
cannon_elephant,1113,165,1-0,14,6,2,4,5,1
cannon_elephant,1114,185,1/2-1/2,17,9,3,6,4,5
cannon_elephant,1115,188,0-1,30,10,3,7,4,6
cannon_elephant,1116,184,0-1,20,6,1,5,2,4
cannon_elephant,1117,231,1/2-1/2,14,8,4,4,4,4
cannon_elephant,1118,216,0-1,18,6,1,5,1,5
cannon_elephant,1119,197,1/2-1/2,11,5,1,4,2,3
cannon_elephant,1120,256,1/2-1/2,11,5,1,4,3,2
cannon_elephant,1121,102,0-1,58,20,11,9,9,11
cannon_elephant,1122,145,1-0,11,5,2,3,4,1
cannon_elephant,1123,188,1/2-1/2,66,24,12,12,12,12
cannon_elephant,1124,193,1-0,19,5,1,4,4,1
cannon_elephant,1125,90,1/2-1/2,40,13,4,9,7,6
cannon_elephant,1126,258,0-1,9,3,0,3,1,2
cannon_elephant,1127,146,1/2-1/2,13,7,3,4,3,4
cannon_elephant,1128,146,1/2-1/2,14,8,4,4,4,4
cannon_elephant,1129,156,0-1,13,5,1,4,1,4
cannon_elephant,1130,160,0-1,10,4,1,3,2,2
cannon_elephant,1131,343,1/2-1/2,60,26,12,14,13,13
cannon_elephant,1132,200,0-1,14,4,0,4,1,3
cannon_elephant,1133,182,0-1,12,6,2,4,1,5
cannon_elephant,1134,194,0-1,8,4,0,4,1,3
cannon_elephant,1135,216,0-1,5,3,0,3,1,2
cannon_elephant,1136,190,0-1,11,5,2,3,2,3
cannon_elephant,1137,139,1/2-1/2,10,12,10,2,6,6
cannon_elephant,1138,159,1-0,7,7,4,3,4,3
cannon_elephant,1139,158,1/2-1/2,10,12,10,2,6,6
cannon_elephant,1140,129,1/2-1/2,24,10,6,4,4,6
cannon_elephant,1141,179,1-0,21,5,0,5,4,1
cannon_elephant,1142,193,1-0,26,12,7,5,9,3
cannon_elephant,1143,226,1/2-1/2,20,6,2,4,3,3
cannon_elephant,1144,214,0-1,15,5,1,4,1,4
cannon_elephant,1145,140,0-1,21,11,7,4,5,6
cannon_elephant,1146,186,0-1,20,6,1,5,2,4
cannon_elephant,1147,181,1-0,15,5,1,4,4,1
cannon_elephant,1148,137,1-0,2,4,2,2,3,1
cannon_elephant,1149,216,0-1,17,5,0,5,1,4
cannon_elephant,1150,167,1-0,50,12,3,9,8,4
cannon_elephant,1151,213,1-0,9,5,1,4,4,1
cannon_elephant,1152,167,1-0,10,10,7,3,6,4
cannon_elephant,1153,218,1/2-1/2,0,2,0,2,1,1
cannon_elephant,1154,149,1-0,9,7,3,4,5,2
cannon_elephant,1155,210,1/2-1/2,26,12,8,4,6,6
cannon_elephant,1156,149,1-0,7,5,2,3,4,1
cannon_elephant,1157,117,1-0,16,10,6,4,5,5
cannon_elephant,1158,203,1-0,3,5,3,2,4,1
cannon_elephant,1159,166,1/2-1/2,24,10,6,4,5,5
cannon_elephant,1160,193,1-0,10,6,2,4,5,1
cannon_elephant,1161,255,1-0,5,3,0,3,2,1
cannon_elephant,1162,167,1-0,18,8,4,4,7,1
cannon_elephant,1163,132,0-1,29,9,4,5,6,3
cannon_elephant,1164,141,1-0,32,12,6,6,8,4
cannon_elephant,1165,157,1-0,5,3,0,3,2,1
cannon_elephant,1166,157,1-0,4,6,4,2,4,2
cannon_elephant,1167,140,0-1,14,6,1,5,2,4
cannon_elephant,1168,156,0-1,24,8,3,5,3,5
cannon_elephant,1169,131,1/2-1/2,9,7,4,3,4,3
cannon_elephant,1170,146,0-1,22,10,5,5,4,6
cannon_elephant,1171,275,1/2-1/2,16,14,10,4,7,7
cannon_elephant,1172,250,0-1,9,3,0,3,1,2
cannon_elephant,1173,221,1/2-1/2,67,23,9,14,12,11
cannon_elephant,1174,181,1/2-1/2,11,5,1,4,2,3
cannon_elephant,1175,296,1/2-1/2,11,5,1,4,3,2
cannon_elephant,1176,412,0-1,26,10,5,5,3,7
cannon_elephant,1177,153,1-0,0,2,0,2,1,1
cannon_elephant,1178,203,1-0,7,4,0,4,3,1
cannon_elephant,1179,173,1-0,25,7,2,5,4,3
cannon_elephant,1180,140,0-1,17,9,5,4,4,5
cannon_elephant,1181,156,0-1,17,5,0,5,1,4
cannon_elephant,1182,316,0-1,9,5,1,4,1,4
cannon_elephant,1183,78,0-1,34,15,6,9,7,8
cannon_elephant,1184,346,1/2-1/2,28,13,6,7,6,7
cannon_elephant,1185,272,0-1,15,5,1,4,1,4
cannon_elephant,1186,288,1/2-1/2,82,28,14,14,14,14
cannon_elephant,1187,116,1/2-1/2,22,8,4,4,4,4
cannon_elephant,1188,191,1/2-1/2,35,14,7,7,7,7
cannon_elephant,1189,256,0-1,13,5,1,4,1,4
cannon_elephant,1190,156,0-1,12,6,3,3,2,4
cannon_elephant,1191,209,1-0,0,2,0,2,1,1
cannon_elephant,1192,143,1-0,20,8,3,5,6,2
cannon_elephant,1193,97,1/2-1/2,59,18,7,11,10,8
cannon_elephant,1194,184,1/2-1/2,13,11,7,4,5,6
cannon_elephant,1195,170,0-1,22,8,4,4,2,6
cannon_elephant,1196,278,0-1,9,3,0,3,1,2
cannon_elephant,1197,169,1-0,18,6,1,5,5,1
cannon_elephant,1198,173,1-0,4,6,4,2,4,2
cannon_elephant,1199,192,0-1,20,6,2,4,1,5
cannon_elephant,1200,230,0-1,22,6,1,5,1,5
cannon_elephant,1201,175,1/2-1/2,0,2,0,2,1,1
cannon_elephant,1202,152,0-1,14,6,2,4,1,5
cannon_elephant,1203,157,1/2-1/2,0,2,0,2,1,1
cannon_elephant,1204,230,1/2-1/2,44,18,9,9,7,11
cannon_elephant,1205,155,1/2-1/2,20,10,4,6,5,5
cannon_elephant,1206,274,0-1,25,11,6,5,6,5
cannon_elephant,1207,175,1-0,13,7,4,3,4,3
cannon_elephant,1208,127,1-0,16,9,4,5,6,3
cannon_elephant,1209,178,0-1,19,5,1,4,2,3
cannon_elephant,1210,101,1/2-1/2,66,25,12,13,12,13
cannon_elephant,1211,194,0-1,20,8,4,4,3,5
cannon_elephant,1212,156,0-1,21,7,3,4,2,5
cannon_elephant,1213,188,0-1,22,6,1,5,2,4
cannon_elephant,1214,218,0-1,14,6,2,4,1,5
cannon_elephant,1215,167,1-0,15,8,3,5,6,2
cannon_elephant,1216,109,1-0,40,15,6,9,9,6
cannon_elephant,1217,112,1/2-1/2,25,13,5,8,6,7
cannon_elephant,1218,285,1/2-1/2,11,5,1,4,2,3
cannon_elephant,1219,163,1/2-1/2,0,2,0,2,1,1
cannon_elephant,1220,185,1-0,17,10,4,6,6,4
cannon_elephant,1221,124,1/2-1/2,42,14,8,6,8,6
cannon_elephant,1222,154,0-1,26,10,4,6,4,6
cannon_elephant,1223,145,1/2-1/2,17,10,5,5,5,5
cannon_elephant,1224,175,1-0,10,6,2,4,5,1
cannon_elephant,1225,161,1-0,14,8,5,3,5,3
cannon_elephant,1226,149,1-0,11,5,2,3,3,2
cannon_elephant,1227,255,1/2-1/2,8,4,0,4,2,2
cannon_elephant,1228,103,1-0,40,14,5,9,7,7
cannon_elephant,1229,245,1-0,14,6,2,4,5,1
cannon_elephant,1230,292,0-1,9,3,0,3,1,2
cannon_elephant,1231,156,1/2-1/2,39,17,9,8,8,9
cannon_elephant,1232,111,1/2-1/2,62,18,6,12,9,9
cannon_elephant,1233,164,0-1,22,6,1,5,2,4
cannon_elephant,1234,115,1-0,46,16,8,8,11,5
cannon_elephant,1235,161,1-0,8,6,3,3,5,1
cannon_elephant,1236,161,1-0,16,8,4,4,7,1
cannon_elephant,1237,116,0-1,9,6,2,4,2,4
cannon_elephant,1238,205,1-0,6,4,0,4,2,2
cannon_elephant,1239,157,1-0,20,10,6,4,6,4
cannon_elephant,1240,242,1/2-1/2,0,2,0,2,1,1
cannon_elephant,1241,216,0-1,17,5,1,4,2,3
cannon_elephant,1242,123,1-0,12,10,7,3,6,4
cannon_elephant,1243,186,0-1,18,4,0,4,1,3
cannon_elephant,1244,124,0-1,25,9,3,6,3,6
cannon_elephant,1245,159,1-0,3,5,3,2,3,2
cannon_elephant,1246,148,1/2-1/2,3,3,0,3,1,2
cannon_elephant,1247,144,0-1,13,5,1,4,1,4
cannon_elephant,1248,191,1-0,9,3,0,3,2,1
cannon_elephant,1249,271,1-0,2,4,2,2,3,1
cannon_elephant,1250,223,1/2-1/2,19,9,3,6,4,5
cannon_elephant,1251,121,1-0,24,12,7,5,9,3
cannon_elephant,1252,118,0-1,30,12,6,6,5,7
cannon_elephant,1253,336,1/2-1/2,20,8,3,5,3,5
cannon_elephant,1254,187,1/2-1/2,36,17,10,7,10,7
cannon_elephant,1255,148,1/2-1/2,36,13,5,8,7,6
cannon_elephant,1256,132,0-1,32,12,6,6,5,7
cannon_elephant,1257,148,1/2-1/2,0,2,0,2,1,1
cannon_elephant,1258,100,1/2-1/2,39,15,7,8,8,7
cannon_elephant,1259,167,1-0,16,8,4,4,5,3
cannon_elephant,1260,187,1-0,23,7,1,6,5,2
cannon_elephant,1261,245,1/2-1/2,0,2,0,2,1,1
cannon_elephant,1262,209,1/2-1/2,3,3,0,3,2,1
cannon_elephant,1263,303,1/2-1/2,34,8,1,7,4,4
cannon_elephant,1264,104,0-1,23,9,4,5,4,5
cannon_elephant,1265,136,1/2-1/2,6,8,6,2,4,4
cannon_elephant,1266,181,1/2-1/2,14,7,2,5,4,3
cannon_elephant,1267,345,1-0,32,8,2,6,7,1
cannon_elephant,1268,274,0-1,11,5,1,4,2,3
cannon_elephant,1269,130,1/2-1/2,43,17,9,8,8,9
cannon_elephant,1270,181,1-0,9,3,0,3,2,1
cannon_elephant,1271,386,1/2-1/2,17,6,1,5,2,4
cannon_elephant,1272,139,1-0,16,10,5,5,7,3
cannon_elephant,1273,193,1-0,4,4,1,3,3,1
cannon_elephant,1274,214,1/2-1/2,17,6,1,5,2,4
cannon_elephant,1275,310,1/2-1/2,29,11,6,5,5,6
cannon_elephant,1276,130,0-1,17,9,5,4,3,6
cannon_elephant,1277,154,0-1,10,4,0,4,1,3
cannon_elephant,1278,162,1/2-1/2,27,12,5,7,4,8
cannon_elephant,1279,149,1-0,33,8,1,7,6,2
cannon_elephant,1280,140,0-1,16,8,4,4,3,5
cannon_elephant,1281,240,0-1,9,3,0,3,1,2
cannon_elephant,1282,164,0-1,17,6,1,5,2,4
cannon_elephant,1283,142,0-1,20,8,4,4,3,5
cannon_elephant,1284,271,1-0,10,4,1,3,3,1
cannon_elephant,1285,170,0-1,22,6,1,5,1,5
cannon_elephant,1286,199,1/2-1/2,10,4,0,4,2,2
cannon_elephant,1287,135,1-0,19,9,5,4,6,3
cannon_elephant,1288,148,0-1,25,10,3,7,4,6
cannon_elephant,1289,170,0-1,19,8,3,5,2,6
cannon_elephant,1290,144,1/2-1/2,8,8,5,3,5,3
cannon_elephant,1291,135,1-0,2,4,2,2,3,1
cannon_elephant,1292,280,1/2-1/2,6,8,6,2,4,4
cannon_elephant,1293,168,0-1,40,15,7,8,3,12
cannon_elephant,1294,167,1-0,18,12,8,4,6,6
cannon_elephant,1295,151,1-0,18,8,3,5,6,2
cannon_elephant,1296,586,1/2-1/2,6,4,0,4,2,2
cannon_elephant,1297,282,1/2-1/2,5,3,0,3,2,1
cannon_elephant,1298,140,0-1,16,6,2,4,1,5
cannon_elephant,1299,172,0-1,18,6,2,4,2,4
cannon_elephant,1300,220,0-1,18,4,0,4,1,3
cannon_elephant,1301,208,0-1,17,5,1,4,2,3
cannon_elephant,1302,172,0-1,18,4,0,4,1,3
cannon_elephant,1303,256,1/2-1/2,11,5,1,4,2,3
cannon_elephant,1304,157,1/2-1/2,0,2,0,2,1,1
cannon_elephant,1305,102,1/2-1/2,36,18,12,6,9,9
cannon_elephant,1306,190,0-1,21,5,0,5,1,4
cannon_elephant,1307,214,0-1,10,4,1,3,1,3
cannon_elephant,1308,218,0-1,24,13,8,5,4,9
cannon_elephant,1309,219,1-0,14,4,0,4,3,1
cannon_elephant,1310,177,1/2-1/2,0,2,0,2,1,1
cannon_elephant,1311,147,1/2-1/2,22,9,2,7,4,5
cannon_elephant,1312,216,0-1,20,8,4,4,4,4
cannon_elephant,1313,142,0-1,18,8,4,4,3,5
cannon_elephant,1314,126,0-1,23,11,7,4,5,6
cannon_elephant,1315,119,1-0,12,8,4,4,7,1
cannon_elephant,1316,203,1-0,16,7,1,6,4,3
cannon_elephant,1317,170,0-1,19,7,2,5,1,6
cannon_elephant,1318,215,1-0,20,6,2,4,5,1
cannon_elephant,1319,85,1-0,11,9,6,3,6,3
cannon_elephant,1320,179,1-0,13,9,5,4,5,4
cannon_elephant,1321,133,1/2-1/2,27,11,6,5,6,5
cannon_elephant,1322,171,1-0,14,4,0,4,3,1
cannon_elephant,1323,238,1/2-1/2,10,8,4,4,4,4
cannon_elephant,1324,258,0-1,24,8,2,6,3,5
cannon_elephant,1325,142,0-1,16,6,2,4,1,5
cannon_elephant,1326,162,0-1,16,6,2,4,1,5
cannon_elephant,1327,204,0-1,8,4,0,4,1,3
cannon_elephant,1328,102,1/2-1/2,31,16,10,6,8,8
cannon_elephant,1329,153,1-0,14,4,0,4,3,1
cannon_elephant,1330,145,1-0,29,14,8,6,8,6
cannon_elephant,1331,168,0-1,22,6,1,5,2,4
cannon_elephant,1332,139,1-0,21,11,7,4,8,3
cannon_elephant,1333,228,0-1,9,3,0,3,1,2
cannon_elephant,1334,273,1-0,5,3,0,3,2,1
cannon_elephant,1335,150,0-1,20,7,1,6,2,5
cannon_elephant,1336,187,1/2-1/2,25,10,3,7,5,5
cannon_elephant,1337,127,1-0,14,8,5,3,5,3
cannon_elephant,1338,293,1/2-1/2,19,5,1,4,3,2
cannon_elephant,1339,151,1/2-1/2,41,16,7,9,10,6
cannon_elephant,1340,169,1-0,13,7,3,4,5,2
cannon_elephant,1341,129,1-0,12,8,4,4,5,3
cannon_elephant,1342,106,0-1,33,13,7,6,5,8
cannon_elephant,1343,208,1/2-1/2,10,4,0,4,2,2
cannon_elephant,1344,135,1-0,40,16,10,6,10,6
cannon_elephant,1345,154,0-1,22,6,1,5,2,4
cannon_elephant,1346,201,1-0,9,3,0,3,2,1
cannon_elephant,1347,121,1/2-1/2,15,9,5,4,5,4
cannon_elephant,1348,213,1/2-1/2,3,3,0,3,2,1
cannon_elephant,1349,174,0-1,19,5,1,4,1,4
cannon_elephant,1350,216,0-1,10,4,1,3,1,3
cannon_elephant,1351,142,0-1,18,10,6,4,2,8
cannon_elephant,1352,196,0-1,15,5,1,4,1,4
cannon_elephant,1353,198,0-1,9,3,0,3,1,2
cannon_elephant,1354,215,1-0,3,3,0,3,2,1
cannon_elephant,1355,180,0-1,21,7,3,4,2,5
cannon_elephant,1356,211,1-0,9,5,1,4,4,1
cannon_elephant,1357,185,1/2-1/2,0,2,0,2,1,1
cannon_elephant,1358,99,1/2-1/2,39,14,6,8,8,6
cannon_elephant,1359,218,0-1,18,4,0,4,1,3
cannon_elephant,1360,177,1-0,2,4,2,2,3,1
cannon_elephant,1361,128,1/2-1/2,38,16,9,7,7,9
cannon_elephant,1362,136,0-1,19,5,0,5,2,3
cannon_elephant,1363,128,0-1,13,7,4,3,1,6
cannon_elephant,1364,339,1/2-1/2,11,9,5,4,5,4
cannon_elephant,1365,217,1-0,18,4,0,4,3,1
cannon_elephant,1366,243,1-0,14,6,2,4,4,2
cannon_elephant,1367,145,1-0,15,8,2,6,5,3
cannon_elephant,1368,180,0-1,16,6,2,4,2,4
cannon_elephant,1369,189,1/2-1/2,20,6,2,4,3,3
cannon_elephant,1370,138,0-1,21,9,4,5,2,7
cannon_elephant,1371,325,1/2-1/2,8,4,0,4,2,2
cannon_elephant,1372,315,1/2-1/2,11,5,1,4,2,3
cannon_elephant,1373,198,1/2-1/2,22,13,7,6,6,7
cannon_elephant,1374,190,0-1,32,12,7,5,5,7
cannon_elephant,1375,123,1-0,22,8,4,4,6,2
cannon_elephant,1376,250,1/2-1/2,3,3,0,3,1,2
cannon_elephant,1377,205,1-0,3,3,0,3,2,1
cannon_elephant,1378,194,0-1,22,6,1,5,1,5
cannon_elephant,1379,182,0-1,19,5,1,4,1,4
cannon_elephant,1380,103,1/2-1/2,23,15,9,6,8,7
cannon_elephant,1381,196,0-1,23,7,1,6,2,5
cannon_elephant,1382,232,0-1,5,3,0,3,1,2
cannon_elephant,1383,155,1/2-1/2,0,2,0,2,1,1
cannon_elephant,1384,272,0-1,10,4,1,3,1,3
cannon_elephant,1385,154,1/2-1/2,0,2,0,2,1,1
cannon_elephant,1386,160,0-1,20,6,2,4,2,4
cannon_elephant,1387,78,1/2-1/2,75,26,11,15,14,12
cannon_elephant,1388,162,0-1,20,6,2,4,3,3
cannon_elephant,1389,178,0-1,29,9,4,5,3,6
cannon_elephant,1390,140,0-1,19,8,3,5,3,5
cannon_elephant,1391,170,0-1,10,8,5,3,2,6
cannon_elephant,1392,194,0-1,11,5,2,3,2,3
cannon_elephant,1393,153,1-0,14,8,5,3,4,4
cannon_elephant,1394,137,1/2-1/2,26,12,8,4,6,6
cannon_elephant,1395,226,0-1,15,5,1,4,1,4
cannon_elephant,1396,231,1/2-1/2,57,21,8,13,11,10
cannon_elephant,1397,247,1-0,17,5,0,5,4,1
cannon_elephant,1398,247,1/2-1/2,11,9,5,4,5,4
cannon_elephant,1399,209,1-0,9,7,3,4,3,4
cannon_elephant,1400,154,0-1,22,6,1,5,2,4
cannon_elephant,1401,187,1-0,9,3,0,3,2,1
cannon_elephant,1402,117,1/2-1/2,64,24,14,10,12,12
cannon_elephant,1403,171,1/2-1/2,16,10,6,4,5,5
cannon_elephant,1404,170,0-1,36,12,6,6,4,8
cannon_elephant,1405,93,1/2-1/2,69,25,11,14,13,12
cannon_elephant,1406,131,1/2-1/2,44,11,3,8,6,5
cannon_elephant,1407,150,0-1,11,5,2,3,2,3
cannon_elephant,1408,149,1-0,3,3,0,3,2,1
cannon_elephant,1409,205,1-0,18,4,0,4,3,1
cannon_elephant,1410,118,0-1,17,10,5,5,3,7
cannon_elephant,1411,171,1-0,21,13,9,4,8,5
cannon_elephant,1412,150,0-1,27,9,4,5,3,6
cannon_elephant,1413,183,1-0,13,5,1,4,4,1
cannon_elephant,1414,183,1/2-1/2,102,36,16,20,18,18
cannon_elephant,1415,156,0-1,8,6,3,3,1,5
cannon_elephant,1416,188,0-1,20,6,2,4,1,5
cannon_elephant,1417,161,1/2-1/2,8,5,1,4,4,1
cannon_elephant,1418,175,1-0,20,6,2,4,5,1
cannon_elephant,1419,117,1-0,43,11,4,7,9,2
cannon_elephant,1420,171,1-0,20,6,1,5,4,2
cannon_elephant,1421,152,0-1,18,4,0,4,1,3
cannon_elephant,1422,147,1-0,26,8,3,5,5,3
cannon_elephant,1423,125,1/2-1/2,54,20,10,10,10,10
cannon_elephant,1424,368,0-1,6,4,0,4,1,3
cannon_elephant,1425,150,0-1,11,5,2,3,1,4
cannon_elephant,1426,167,1-0,18,4,0,4,3,1
cannon_elephant,1427,139,1-0,16,8,4,4,6,2
cannon_elephant,1428,157,1-0,14,9,4,5,7,2
cannon_elephant,1429,156,0-1,36,12,6,6,5,7
cannon_elephant,1430,144,0-1,15,7,3,4,2,5
cannon_elephant,1431,203,1/2-1/2,23,9,5,4,5,4
cannon_elephant,1432,187,1-0,17,9,5,4,6,3
cannon_elephant,1433,175,1/2-1/2,1,3,1,2,2,1
cannon_elephant,1434,538,1/2-1/2,82,30,16,14,15,15
cannon_elephant,1435,182,0-1,14,6,2,4,1,5
cannon_elephant,1436,218,1/2-1/2,10,4,0,4,2,2
cannon_elephant,1437,158,1/2-1/2,0,2,0,2,1,1
cannon_elephant,1438,116,0-1,33,9,3,6,3,6
cannon_elephant,1439,187,1-0,7,5,2,3,4,1
cannon_elephant,1440,229,1-0,3,3,0,3,2,1
cannon_elephant,1441,212,0-1,14,6,2,4,2,4
cannon_elephant,1442,199,1-0,5,3,0,3,2,1
cannon_elephant,1443,146,1/2-1/2,0,2,0,2,1,1
cannon_elephant,1444,187,1-0,13,8,3,5,7,1
cannon_elephant,1445,199,1/2-1/2,35,13,7,6,7,6
cannon_elephant,1446,181,1-0,5,3,0,3,2,1
cannon_elephant,1447,161,1-0,18,6,1,5,5,1
cannon_elephant,1448,202,0-1,10,5,0,5,1,4
cannon_elephant,1449,122,0-1,24,12,8,4,5,7
cannon_elephant,1450,286,0-1,5,3,0,3,1,2
cannon_elephant,1451,140,0-1,20,6,2,4,1,5
cannon_elephant,1452,157,1-0,11,5,2,3,4,1
cannon_elephant,1453,178,1/2-1/2,26,13,7,6,6,7
cannon_elephant,1454,175,1-0,11,5,1,4,4,1
cannon_elephant,1455,176,0-1,34,13,6,7,6,7
cannon_elephant,1456,172,0-1,7,5,2,3,1,4
cannon_elephant,1457,116,1/2-1/2,36,15,7,8,8,7
cannon_elephant,1458,104,0-1,24,12,8,4,5,7
cannon_elephant,1459,154,1/2-1/2,3,3,0,3,1,2
cannon_elephant,1460,200,0-1,14,6,2,4,2,4
cannon_elephant,1461,167,1-0,16,14,10,4,7,7
cannon_elephant,1462,241,1-0,19,5,1,4,4,1
cannon_elephant,1463,186,0-1,25,10,4,6,3,7
cannon_elephant,1464,199,1-0,9,3,0,3,2,1
cannon_elephant,1465,154,0-1,19,5,1,4,1,4
cannon_elephant,1466,261,1/2-1/2,25,11,7,4,5,6
cannon_elephant,1467,269,1-0,15,7,3,4,3,4
cannon_elephant,1468,257,1/2-1/2,3,3,0,3,2,1
cannon_elephant,1469,285,1-0,18,4,0,4,3,1
cannon_elephant,1470,121,1/2-1/2,60,20,10,10,9,11
cannon_elephant,1471,217,1-0,8,4,0,4,3,1
cannon_elephant,1472,178,1/2-1/2,86,28,12,16,14,14
cannon_elephant,1473,134,0-1,30,12,5,7,7,5
cannon_elephant,1474,134,0-1,24,12,7,5,4,8
cannon_elephant,1475,287,1/2-1/2,0,2,0,2,1,1
cannon_elephant,1476,176,1/2-1/2,6,6,3,3,2,4
cannon_elephant,1477,250,0-1,16,4,0,4,2,2
cannon_elephant,1478,103,1/2-1/2,30,12,7,5,5,7
cannon_elephant,1479,161,1-0,17,6,1,5,5,1
cannon_elephant,1480,175,1-0,17,11,6,5,7,4
cannon_elephant,1481,162,0-1,22,8,3,5,4,4
cannon_elephant,1482,215,1/2-1/2,12,10,6,4,5,5
cannon_elephant,1483,137,1-0,11,8,4,4,6,2
cannon_elephant,1484,135,1/2-1/2,23,9,3,6,5,4
cannon_elephant,1485,342,0-1,14,4,0,4,1,3
cannon_elephant,1486,185,1-0,11,5,1,4,4,1
cannon_elephant,1487,128,1/2-1/2,28,13,6,7,6,7
cannon_elephant,1488,159,1-0,12,4,0,4,3,1
cannon_elephant,1489,145,1-0,32,11,4,7,6,5
cannon_elephant,1490,185,1-0,17,6,1,5,5,1
cannon_elephant,1491,408,1/2-1/2,23,9,5,4,5,4
cannon_elephant,1492,97,1/2-1/2,38,17,9,8,9,8
cannon_elephant,1493,267,1/2-1/2,6,4,0,4,2,2
cannon_elephant,1494,87,1/2-1/2,38,16,10,6,8,8
cannon_elephant,1495,140,0-1,29,13,8,5,6,7
cannon_elephant,1496,217,1-0,10,4,1,3,3,1
cannon_elephant,1497,141,1-0,11,9,6,3,5,4
cannon_elephant,1498,177,1/2-1/2,22,8,4,4,4,4
cannon_elephant,1499,258,0-1,25,15,10,5,6,9
cannon_elephant,1500,148,1/2-1/2,1,3,1,2,1,2
cannon_elephant,1501,165,1-0,17,7,2,5,6,1
cannon_elephant,1502,129,1-0,9,11,9,2,6,5
cannon_elephant,1503,166,0-1,12,4,0,4,1,3
cannon_elephant,1504,176,1/2-1/2,16,10,6,4,5,5
cannon_elephant,1505,146,0-1,35,9,3,6,3,6
cannon_elephant,1506,150,0-1,17,9,5,4,5,4
cannon_elephant,1507,285,1-0,29,17,10,7,9,8
cannon_elephant,1508,227,1-0,8,4,0,4,3,1
cannon_elephant,1509,120,1/2-1/2,29,14,7,7,8,6
cannon_elephant,1510,156,0-1,12,6,3,3,1,5
cannon_elephant,1511,166,0-1,18,10,6,4,4,6
cannon_elephant,1512,276,0-1,18,4,0,4,1,3
cannon_elephant,1513,321,1/2-1/2,30,14,9,5,8,6
cannon_elephant,1514,166,0-1,14,4,0,4,1,3
cannon_elephant,1515,143,1-0,15,11,7,4,6,5
cannon_elephant,1516,268,1/2-1/2,25,11,6,5,6,5
cannon_elephant,1517,194,0-1,8,6,3,3,1,5
cannon_elephant,1518,146,1/2-1/2,24,10,6,4,5,5
cannon_elephant,1519,212,0-1,24,6,0,6,2,4
cannon_elephant,1520,174,0-1,6,4,0,4,1,3
cannon_elephant,1521,206,0-1,22,6,1,5,2,4
cannon_elephant,1522,150,0-1,12,6,3,3,3,3
cannon_elephant,1523,353,1-0,19,5,1,4,4,1
cannon_elephant,1524,159,1/2-1/2,24,9,3,6,3,6
cannon_elephant,1525,170,0-1,14,4,0,4,1,3
cannon_elephant,1526,209,1-0,22,6,0,6,4,2
cannon_elephant,1527,191,1-0,18,7,2,5,5,2
cannon_elephant,1528,186,0-1,9,3,0,3,1,2
cannon_elephant,1529,170,0-1,19,7,3,4,4,3
cannon_elephant,1530,188,0-1,10,4,1,3,1,3
cannon_elephant,1531,180,0-1,20,6,2,4,1,5
cannon_elephant,1532,241,1-0,12,6,3,3,4,2
cannon_elephant,1533,192,0-1,12,4,0,4,1,3
cannon_elephant,1534,266,1/2-1/2,18,9,3,6,4,5
cannon_elephant,1535,212,0-1,23,7,2,5,1,6
cannon_elephant,1536,195,1-0,3,5,3,2,4,1
cannon_elephant,1537,175,1-0,15,5,0,5,4,1
cannon_elephant,1538,197,1-0,25,9,4,5,6,3
cannon_elephant,1539,137,1-0,16,6,2,4,5,1
cannon_elephant,1540,170,0-1,21,7,2,5,3,4
cannon_elephant,1541,201,1-0,18,4,0,4,3,1
cannon_elephant,1542,146,0-1,37,13,7,6,5,8
cannon_elephant,1543,133,1-0,16,6,2,4,5,1
cannon_elephant,1544,176,0-1,12,10,7,3,4,6
cannon_elephant,1545,238,0-1,8,4,0,4,1,3
cannon_elephant,1546,226,1/2-1/2,0,2,0,2,1,1
cannon_elephant,1547,280,1/2-1/2,25,5,0,5,3,2
cannon_elephant,1548,172,0-1,14,8,5,3,3,5
cannon_elephant,1549,160,1/2-1/2,38,16,9,7,8,8
cannon_elephant,1550,232,0-1,11,5,0,5,2,3
cannon_elephant,1551,229,1-0,5,3,0,3,2,1
cannon_elephant,1552,192,0-1,19,5,1,4,2,3
cannon_elephant,1553,163,1/2-1/2,16,8,3,5,4,4
cannon_elephant,1554,216,0-1,15,5,0,5,1,4
cannon_elephant,1555,215,1-0,14,4,0,4,3,1
cannon_elephant,1556,126,1/2-1/2,33,13,6,7,5,8
cannon_elephant,1557,160,0-1,19,5,1,4,1,4
cannon_elephant,1558,158,0-1,14,6,2,4,1,5
cannon_elephant,1559,112,0-1,25,11,6,5,4,7
cannon_elephant,1560,292,0-1,18,4,0,4,1,3
cannon_elephant,1561,80,0-1,62,23,12,11,10,13
cannon_elephant,1562,503,1/2-1/2,21,7,2,5,4,3
cannon_elephant,1563,272,0-1,15,5,1,4,1,4
cannon_elephant,1564,152,0-1,21,9,4,5,2,7
cannon_elephant,1565,140,0-1,14,6,2,4,2,4
cannon_elephant,1566,237,1/2-1/2,18,4,0,4,2,2
cannon_elephant,1567,122,0-1,24,8,3,5,2,6
cannon_elephant,1568,366,1/2-1/2,0,2,0,2,1,1
cannon_elephant,1569,178,0-1,8,4,0,4,1,3
cannon_elephant,1570,174,0-1,21,5,0,5,1,4
cannon_elephant,1571,171,1-0,10,4,1,3,2,2
cannon_elephant,1572,227,1/2-1/2,19,8,3,5,5,3
cannon_elephant,1573,162,0-1,19,5,1,4,1,4
cannon_elephant,1574,187,1-0,14,6,2,4,5,1
cannon_elephant,1575,293,1/2-1/2,10,4,1,3,2,2
cannon_elephant,1576,239,1/2-1/2,10,8,4,4,4,4
cannon_elephant,1577,118,0-1,30,14,9,5,6,8
cannon_elephant,1578,167,1-0,19,7,2,5,6,1
cannon_elephant,1579,157,1-0,10,4,1,3,3,1
cannon_elephant,1580,164,0-1,18,6,2,4,3,3
cannon_elephant,1581,140,0-1,17,7,3,4,2,5
cannon_elephant,1582,218,0-1,18,4,0,4,1,3
cannon_elephant,1583,223,1/2-1/2,40,20,12,8,10,10
cannon_elephant,1584,157,1/2-1/2,4,6,4,2,3,3
cannon_elephant,1585,358,1/2-1/2,11,9,5,4,4,5
cannon_elephant,1586,174,0-1,46,13,5,8,4,9
cannon_elephant,1587,192,0-1,18,7,2,5,1,6
cannon_elephant,1588,152,0-1,19,7,3,4,3,4
cannon_elephant,1589,139,1-0,15,7,3,4,6,1
cannon_elephant,1590,122,0-1,27,14,8,6,7,7
cannon_elephant,1591,194,0-1,14,6,2,4,1,5
cannon_elephant,1592,143,1-0,19,12,6,6,9,3
cannon_elephant,1593,230,0-1,12,4,0,4,1,3
cannon_elephant,1594,159,1-0,18,7,2,5,5,2
cannon_elephant,1595,107,1-0,33,14,5,9,6,8
cannon_elephant,1596,201,1-0,16,5,0,5,4,1
cannon_elephant,1597,186,0-1,18,6,2,4,2,4
cannon_elephant,1598,164,0-1,21,7,3,4,3,4
cannon_elephant,1599,225,1-0,19,5,1,4,3,2
cannon_elephant,1600,163,1/2-1/2,4,6,4,2,3,3
cannon_elephant,1601,198,0-1,10,4,1,3,1,3
cannon_elephant,1602,157,1-0,22,8,3,5,5,3
cannon_elephant,1603,108,1/2-1/2,26,10,2,8,4,6
cannon_elephant,1604,379,1-0,18,7,2,5,6,1
cannon_elephant,1605,226,0-1,5,3,0,3,1,2
cannon_elephant,1606,184,0-1,15,7,3,4,2,5
cannon_elephant,1607,476,1/2-1/2,17,6,1,5,4,2
cannon_elephant,1608,161,1-0,17,11,8,3,6,5
cannon_elephant,1609,175,1-0,6,4,1,3,3,1
cannon_elephant,1610,206,1/2-1/2,74,28,14,14,14,14
cannon_elephant,1611,222,0-1,15,5,0,5,1,4
cannon_elephant,1612,216,1/2-1/2,41,17,10,7,7,10
cannon_elephant,1613,137,1-0,22,8,4,4,5,3
cannon_elephant,1614,148,0-1,22,10,5,5,4,6
cannon_elephant,1615,159,1-0,11,8,4,4,5,3
cannon_elephant,1616,264,0-1,16,6,2,4,2,4
cannon_elephant,1617,178,0-1,15,5,1,4,1,4
cannon_elephant,1618,214,0-1,18,4,0,4,1,3
cannon_elephant,1619,194,0-1,16,6,1,5,1,5
cannon_elephant,1620,144,1/2-1/2,29,11,5,6,5,6
cannon_elephant,1621,173,1-0,23,11,6,5,7,4
cannon_elephant,1622,186,0-1,23,8,2,6,2,6
cannon_elephant,1623,144,0-1,23,11,6,5,3,8
cannon_elephant,1624,153,1-0,20,10,5,5,7,3
cannon_elephant,1625,146,0-1,24,8,3,5,2,6
cannon_elephant,1626,167,1-0,8,6,3,3,5,1
cannon_elephant,1627,136,0-1,49,14,4,10,8,6
cannon_elephant,1628,196,1/2-1/2,22,12,6,6,6,6
cannon_elephant,1629,190,0-1,22,10,5,5,4,6
cannon_elephant,1630,160,0-1,19,5,1,4,1,4
cannon_elephant,1631,150,0-1,22,12,7,5,4,8
cannon_elephant,1632,157,1/2-1/2,20,6,2,4,3,3
cannon_elephant,1633,125,1-0,31,11,5,6,9,2
cannon_elephant,1634,167,1-0,16,6,1,5,5,1
cannon_elephant,1635,228,0-1,18,4,0,4,1,3
cannon_elephant,1636,137,1-0,21,9,4,5,6,3
cannon_elephant,1637,169,1-0,8,6,3,3,4,2
cannon_elephant,1638,170,1/2-1/2,14,11,7,4,5,6
cannon_elephant,1639,112,0-1,36,12,6,6,5,7
cannon_elephant,1640,133,1-0,23,12,7,5,9,3
cannon_elephant,1641,227,1-0,20,6,2,4,5,1
cannon_elephant,1642,276,1/2-1/2,28,15,9,6,8,7
cannon_elephant,1643,176,0-1,18,8,4,4,2,6
cannon_elephant,1644,134,1/2-1/2,14,8,4,4,4,4
cannon_elephant,1645,190,1/2-1/2,10,8,4,4,4,4
cannon_elephant,1646,195,1-0,21,5,0,5,4,1
cannon_elephant,1647,159,1-0,10,6,2,4,5,1
cannon_elephant,1648,138,0-1,28,12,6,6,7,5
cannon_elephant,1649,131,1-0,19,5,1,4,4,1
cannon_elephant,1650,163,1-0,25,9,4,5,5,4
cannon_elephant,1651,237,1/2-1/2,6,8,6,2,4,4
cannon_elephant,1652,192,1/2-1/2,18,12,8,4,6,6
cannon_elephant,1653,185,1-0,15,7,3,4,4,3
cannon_elephant,1654,151,1-0,13,7,4,3,5,2
cannon_elephant,1655,140,0-1,7,5,2,3,1,4
cannon_elephant,1656,174,0-1,20,8,4,4,4,4
cannon_elephant,1657,204,1/2-1/2,30,10,4,6,4,6
cannon_elephant,1658,281,1/2-1/2,6,4,0,4,2,2
cannon_elephant,1659,171,1/2-1/2,0,2,0,2,1,1
cannon_elephant,1660,143,1/2-1/2,35,17,11,6,8,9
cannon_elephant,1661,223,1-0,16,6,2,4,5,1
cannon_elephant,1662,143,1-0,21,10,5,5,8,2
cannon_elephant,1663,155,1-0,19,7,2,5,6,1
cannon_elephant,1664,173,1-0,22,6,1,5,4,2
cannon_elephant,1665,145,1-0,14,8,4,4,5,3
cannon_elephant,1666,117,1-0,25,9,4,5,8,1
cannon_elephant,1667,97,1-0,17,11,6,5,6,5
cannon_elephant,1668,203,1-0,18,8,4,4,5,3
cannon_elephant,1669,149,1-0,21,5,0,5,4,1
cannon_elephant,1670,216,0-1,14,4,0,4,1,3
cannon_elephant,1671,146,0-1,19,13,9,4,5,8
cannon_elephant,1672,205,1/2-1/2,11,5,1,4,2,3
cannon_elephant,1673,186,0-1,19,5,0,5,2,3
cannon_elephant,1674,154,0-1,13,10,6,4,5,5
cannon_elephant,1675,124,0-1,26,12,7,5,5,7
cannon_elephant,1676,155,1-0,2,4,2,2,2,2
cannon_elephant,1677,337,1-0,9,3,0,3,2,1
cannon_elephant,1678,161,1-0,11,5,2,3,4,1
cannon_elephant,1679,206,0-1,18,4,0,4,1,3
cannon_elephant,1680,173,1-0,20,9,4,5,7,2
cannon_elephant,1681,308,0-1,13,7,4,3,3,4
cannon_elephant,1682,206,0-1,27,7,2,5,2,5
cannon_elephant,1683,108,0-1,18,10,6,4,4,6
cannon_elephant,1684,167,1-0,7,5,2,3,4,1
cannon_elephant,1685,160,0-1,20,8,4,4,4,4
cannon_elephant,1686,171,1-0,11,5,2,3,4,1
cannon_elephant,1687,172,1/2-1/2,12,6,2,4,3,3
cannon_elephant,1688,228,0-1,13,5,1,4,1,4
cannon_elephant,1689,166,1/2-1/2,12,6,2,4,3,3
cannon_elephant,1690,236,0-1,14,6,2,4,2,4
cannon_elephant,1691,252,0-1,5,3,0,3,1,2
cannon_elephant,1692,193,1-0,14,8,5,3,6,2
cannon_elephant,1693,146,0-1,8,5,1,4,1,4
cannon_elephant,1694,274,0-1,10,4,1,3,1,3
cannon_elephant,1695,106,0-1,46,16,7,9,7,9
cannon_elephant,1696,169,1/2-1/2,12,10,6,4,5,5
cannon_elephant,1697,187,1-0,5,3,0,3,2,1
cannon_elephant,1698,214,0-1,18,4,0,4,1,3
cannon_elephant,1699,126,0-1,15,9,5,4,3,6
cannon_elephant,1700,196,0-1,9,3,0,3,1,2
cannon_elephant,1701,115,1-0,22,8,4,4,7,1
cannon_elephant,1702,149,1/2-1/2,38,11,2,9,5,6
cannon_elephant,1703,175,1-0,12,4,0,4,3,1
cannon_elephant,1704,436,1/2-1/2,6,4,0,4,2,2
cannon_elephant,1705,146,0-1,15,5,1,4,1,4
cannon_elephant,1706,114,0-1,25,13,8,5,5,8
cannon_elephant,1707,234,0-1,7,4,0,4,1,3
cannon_elephant,1708,229,1-0,5,3,0,3,2,1
cannon_elephant,1709,126,0-1,25,9,4,5,4,5
cannon_elephant,1710,203,1-0,27,7,1,6,4,3
cannon_elephant,1711,168,0-1,27,9,4,5,3,6
cannon_elephant,1712,122,0-1,21,7,2,5,2,5
cannon_elephant,1713,224,0-1,15,7,3,4,1,6
cannon_elephant,1714,212,1/2-1/2,12,6,3,3,4,2
cannon_elephant,1715,123,1-0,15,7,3,4,4,3
cannon_elephant,1716,200,0-1,24,8,2,6,3,5
cannon_elephant,1717,148,0-1,5,3,0,3,1,2
cannon_elephant,1718,173,1-0,19,9,4,5,4,5
cannon_elephant,1719,63,1/2-1/2,81,25,9,16,12,13
cannon_elephant,1720,99,1-0,24,12,7,5,7,5
cannon_elephant,1721,311,1-0,5,3,0,3,2,1
cannon_elephant,1722,135,1-0,25,9,4,5,7,2
cannon_elephant,1723,154,0-1,15,5,1,4,1,4
cannon_elephant,1724,118,0-1,15,7,3,4,2,5
cannon_elephant,1725,189,1-0,10,4,1,3,3,1
cannon_elephant,1726,163,1/2-1/2,3,3,0,3,2,1
cannon_elephant,1727,131,1-0,21,12,6,6,9,3
cannon_elephant,1728,301,1/2-1/2,10,8,4,4,4,4
cannon_elephant,1729,119,1-0,4,6,4,2,3,3
cannon_elephant,1730,155,1-0,14,4,0,4,3,1
cannon_elephant,1731,265,1/2-1/2,8,4,0,4,2,2
cannon_elephant,1732,132,0-1,20,6,2,4,2,4
cannon_elephant,1733,151,1-0,8,6,3,3,4,2
cannon_elephant,1734,261,1/2-1/2,3,3,0,3,1,2
cannon_elephant,1735,187,1/2-1/2,37,15,9,6,8,7
cannon_elephant,1736,122,0-1,16,8,4,4,4,4
cannon_elephant,1737,188,0-1,25,7,1,6,2,5
cannon_elephant,1738,171,1-0,5,5,2,3,4,1
cannon_elephant,1739,169,1-0,7,7,4,3,5,2
cannon_elephant,1740,253,1/2-1/2,6,4,0,4,3,1
cannon_elephant,1741,195,1-0,29,13,6,7,11,2
cannon_elephant,1742,138,0-1,18,6,2,4,4,2
cannon_elephant,1743,145,1-0,19,5,1,4,4,1
cannon_elephant,1744,205,1-0,20,6,2,4,5,1
cannon_elephant,1745,171,1-0,14,9,4,5,5,4
cannon_elephant,1746,300,1/2-1/2,19,5,1,4,2,3
cannon_elephant,1747,138,0-1,10,4,1,3,1,3
cannon_elephant,1748,287,1-0,9,3,0,3,2,1
cannon_elephant,1749,211,1/2-1/2,14,6,1,5,3,3
cannon_elephant,1750,147,1/2-1/2,24,10,6,4,5,5
cannon_elephant,1751,224,1/2-1/2,12,10,6,4,5,5
cannon_elephant,1752,178,0-1,29,15,10,5,8,7
cannon_elephant,1753,182,0-1,16,5,0,5,1,4
cannon_elephant,1754,266,1/2-1/2,7,4,0,4,3,1
cannon_elephant,1755,181,1/2-1/2,0,2,0,2,1,1
cannon_elephant,1756,171,1-0,21,5,0,5,4,1
cannon_elephant,1757,211,1-0,18,4,0,4,3,1
cannon_elephant,1758,186,1/2-1/2,88,30,14,16,15,15
cannon_elephant,1759,187,1-0,19,5,1,4,3,2
cannon_elephant,1760,174,0-1,36,12,6,6,5,7
cannon_elephant,1761,177,1-0,7,4,0,4,3,1
cannon_elephant,1762,212,0-1,23,9,5,4,3,6
cannon_elephant,1763,244,0-1,21,5,0,5,1,4
cannon_elephant,1764,196,0-1,18,4,0,4,1,3
cannon_elephant,1765,182,0-1,22,8,3,5,1,7
cannon_elephant,1766,201,1-0,12,4,0,4,3,1
cannon_elephant,1767,143,1/2-1/2,36,16,11,5,8,8
cannon_elephant,1768,185,1-0,14,4,0,4,3,1
cannon_elephant,1769,125,1-0,14,6,2,4,5,1
cannon_elephant,1770,135,1-0,11,8,4,4,6,2
cannon_elephant,1771,259,1-0,25,10,4,6,8,2
cannon_elephant,1772,195,1-0,19,5,1,4,4,1
cannon_elephant,1773,135,1-0,16,8,4,4,3,5
cannon_elephant,1774,401,1-0,9,9,6,3,6,3
cannon_elephant,1775,134,0-1,19,7,2,5,3,4
cannon_elephant,1776,272,1/2-1/2,39,14,5,9,7,7
cannon_elephant,1777,176,0-1,9,3,0,3,1,2
cannon_elephant,1778,238,1/2-1/2,12,6,2,4,3,3
cannon_elephant,1779,161,1-0,5,3,0,3,2,1
cannon_elephant,1780,199,1-0,18,10,6,4,6,4
cannon_elephant,1781,170,0-1,15,7,3,4,1,6
cannon_elephant,1782,156,0-1,37,15,8,7,7,8
cannon_elephant,1783,128,1/2-1/2,27,13,9,4,7,6
cannon_elephant,1784,133,1-0,32,14,9,5,9,5
cannon_elephant,1785,162,0-1,23,5,0,5,1,4
cannon_elephant,1786,299,1/2-1/2,19,7,2,5,2,5
cannon_elephant,1787,496,1/2-1/2,13,15,13,2,7,8
cannon_elephant,1788,185,1-0,9,6,2,4,3,3
cannon_elephant,1789,153,1/2-1/2,12,6,3,3,3,3
cannon_elephant,1790,145,1-0,7,7,4,3,5,2
cannon_elephant,1791,180,0-1,17,7,3,4,2,5
cannon_elephant,1792,155,1-0,26,8,3,5,7,1
cannon_elephant,1793,193,1-0,18,8,4,4,6,2
cannon_elephant,1794,172,0-1,6,4,1,3,1,3
cannon_elephant,1795,325,1-0,5,3,0,3,2,1
cannon_elephant,1796,205,1-0,0,2,0,2,1,1
cannon_elephant,1797,200,0-1,20,6,2,4,2,4
cannon_elephant,1798,145,1-0,14,11,7,4,7,4
cannon_elephant,1799,150,0-1,31,12,5,7,7,5
cannon_elephant,1800,143,1-0,19,7,2,5,6,1
cannon_elephant,1801,266,0-1,20,6,2,4,1,5
cannon_elephant,1802,111,1-0,12,10,6,4,5,5
cannon_elephant,1803,270,0-1,16,10,7,3,3,7
cannon_elephant,1804,163,1-0,10,4,1,3,3,1
cannon_elephant,1805,204,1/2-1/2,26,12,8,4,7,5
cannon_elephant,1806,125,1-0,21,7,3,4,6,1
cannon_elephant,1807,101,1-0,30,13,5,8,6,7
cannon_elephant,1808,210,0-1,24,12,8,4,5,7
cannon_elephant,1809,248,1/2-1/2,62,20,8,12,10,10
cannon_elephant,1810,179,1-0,7,5,1,4,4,1
cannon_elephant,1811,80,0-1,55,22,10,12,11,11
cannon_elephant,1812,238,1/2-1/2,13,11,7,4,6,5
cannon_elephant,1813,105,1-0,19,9,5,4,6,3
cannon_elephant,1814,320,0-1,18,6,2,4,3,3
cannon_elephant,1815,175,1-0,18,4,0,4,3,1
cannon_elephant,1816,182,0-1,10,4,1,3,1,3
cannon_elephant,1817,196,0-1,5,3,0,3,1,2
cannon_elephant,1818,124,0-1,17,7,3,4,2,5
cannon_elephant,1819,176,0-1,19,9,4,5,2,7
cannon_elephant,1820,210,0-1,44,14,7,7,5,9
cannon_elephant,1821,163,1-0,18,8,3,5,6,2
cannon_elephant,1822,108,0-1,17,9,5,4,3,6
cannon_elephant,1823,228,1/2-1/2,9,11,9,2,6,5
cannon_elephant,1824,181,1-0,17,7,1,6,5,2
cannon_elephant,1825,194,0-1,14,4,0,4,1,3
cannon_elephant,1826,246,0-1,28,6,0,6,2,4
cannon_elephant,1827,100,1/2-1/2,25,11,7,4,5,6
cannon_elephant,1828,201,1-0,18,4,0,4,3,1
cannon_elephant,1829,257,1-0,9,3,0,3,2,1
cannon_elephant,1830,162,0-1,7,4,0,4,1,3
cannon_elephant,1831,158,1/2-1/2,8,6,2,4,3,3
cannon_elephant,1832,216,0-1,19,5,1,4,1,4
cannon_elephant,1833,222,0-1,15,5,1,4,1,4
cannon_elephant,1834,222,0-1,8,4,0,4,1,3
cannon_elephant,1835,275,1-0,14,4,0,4,3,1
cannon_elephant,1836,169,1-0,15,7,3,4,6,1
cannon_elephant,1837,167,1-0,9,3,0,3,2,1
cannon_elephant,1838,215,1-0,19,9,5,4,6,3
cannon_elephant,1839,166,0-1,11,5,2,3,1,4
cannon_elephant,1840,143,1/2-1/2,30,12,6,6,6,6
cannon_elephant,1841,152,0-1,17,9,5,4,2,7
cannon_elephant,1842,195,1-0,19,5,1,4,4,1
cannon_elephant,1843,186,0-1,12,4,0,4,1,3
cannon_elephant,1844,218,1/2-1/2,9,5,1,4,2,3
cannon_elephant,1845,154,1/2-1/2,8,8,5,3,4,4
cannon_elephant,1846,181,1-0,19,5,1,4,3,2
cannon_elephant,1847,126,0-1,29,11,5,6,3,8
cannon_elephant,1848,165,1/2-1/2,24,10,6,4,5,5
cannon_elephant,1849,178,0-1,12,4,0,4,1,3
cannon_elephant,1850,187,1-0,1,3,1,2,2,1
cannon_elephant,1851,283,1/2-1/2,10,4,0,4,2,2
cannon_elephant,1852,165,1-0,24,10,5,5,6,4
cannon_elephant,1853,144,0-1,20,8,4,4,3,5
cannon_elephant,1854,184,1/2-1/2,56,22,10,12,11,11
cannon_elephant,1855,154,0-1,18,4,0,4,1,3
cannon_elephant,1856,156,0-1,21,13,9,4,5,8
cannon_elephant,1857,208,0-1,20,6,1,5,2,4
cannon_elephant,1858,208,0-1,18,4,0,4,1,3
cannon_elephant,1859,147,1-0,39,15,5,10,9,6
cannon_elephant,1860,204,0-1,9,3,0,3,1,2
cannon_elephant,1861,332,1/2-1/2,87,29,11,18,14,15
cannon_elephant,1862,198,0-1,18,7,2,5,1,6
cannon_elephant,1863,282,1/2-1/2,41,18,10,8,9,9
cannon_elephant,1864,167,1/2-1/2,38,16,10,6,8,8
cannon_elephant,1865,49,1/2-1/2,82,28,13,15,14,14
cannon_elephant,1866,166,0-1,18,4,0,4,1,3
cannon_elephant,1867,206,0-1,17,7,3,4,2,5
cannon_elephant,1868,119,1/2-1/2,27,14,6,8,6,8
cannon_elephant,1869,251,1-0,15,7,3,4,6,1
cannon_elephant,1870,203,1-0,13,5,1,4,4,1
cannon_elephant,1871,172,0-1,19,5,1,4,1,4
cannon_elephant,1872,223,1-0,13,5,1,4,4,1
cannon_elephant,1873,246,0-1,9,3,0,3,1,2
cannon_elephant,1874,210,0-1,31,12,5,7,5,7
cannon_elephant,1875,267,1-0,12,6,3,3,4,2
cannon_elephant,1876,181,1-0,18,4,0,4,3,1
cannon_elephant,1877,166,0-1,28,14,9,5,6,8
cannon_elephant,1878,214,0-1,5,3,0,3,1,2
cannon_elephant,1879,188,0-1,22,8,4,4,2,6
cannon_elephant,1880,149,1/2-1/2,8,6,2,4,3,3
cannon_elephant,1881,219,1-0,19,5,1,4,4,1
cannon_elephant,1882,185,1/2-1/2,48,19,10,9,10,9
cannon_elephant,1883,162,0-1,15,5,1,4,1,4
cannon_elephant,1884,175,1-0,21,7,3,4,4,3
cannon_elephant,1885,181,1-0,14,4,0,4,3,1
cannon_elephant,1886,152,0-1,20,6,2,4,2,4
cannon_elephant,1887,235,1/2-1/2,21,7,3,4,3,4
cannon_elephant,1888,201,1/2-1/2,10,4,0,4,2,2
cannon_elephant,1889,332,1/2-1/2,21,10,5,5,4,6
cannon_elephant,1890,116,0-1,60,19,7,12,11,8
cannon_elephant,1891,175,1-0,16,11,6,5,8,3
cannon_elephant,1892,222,0-1,9,3,0,3,1,2
cannon_elephant,1893,271,1-0,14,6,2,4,4,2
cannon_elephant,1894,212,0-1,5,3,0,3,1,2
cannon_elephant,1895,180,0-1,17,5,0,5,1,4
cannon_elephant,1896,149,1-0,18,4,0,4,3,1
cannon_elephant,1897,162,0-1,18,8,4,4,3,5
cannon_elephant,1898,192,0-1,20,8,3,5,3,5
cannon_elephant,1899,161,1-0,5,5,2,3,3,2
cannon_elephant,1900,132,1/2-1/2,0,2,0,2,1,1
cannon_elephant,1901,146,0-1,29,7,1,6,2,5
cannon_elephant,1902,110,1/2-1/2,17,9,4,5,5,4
cannon_elephant,1903,145,1-0,20,6,2,4,5,1
cannon_elephant,1904,183,1/2-1/2,31,11,5,6,6,5
cannon_elephant,1905,146,0-1,12,6,3,3,1,5
cannon_elephant,1906,305,1/2-1/2,21,7,3,4,3,4
cannon_elephant,1907,250,1/2-1/2,10,8,4,4,4,4
cannon_elephant,1908,123,1-0,13,7,3,4,6,1
cannon_elephant,1909,235,1/2-1/2,0,2,0,2,1,1
cannon_elephant,1910,254,1/2-1/2,23,9,5,4,5,4
cannon_elephant,1911,207,1-0,1,3,1,2,1,2
cannon_elephant,1912,130,0-1,15,8,3,5,3,5
cannon_elephant,1913,271,1-0,24,6,0,6,4,2
cannon_elephant,1914,172,0-1,12,4,0,4,1,3
cannon_elephant,1915,182,0-1,20,8,4,4,3,5
cannon_elephant,1916,142,0-1,20,6,2,4,1,5
cannon_elephant,1917,317,1-0,23,5,0,5,4,1
cannon_elephant,1918,142,1/2-1/2,35,15,8,7,8,7
cannon_elephant,1919,376,0-1,14,4,0,4,1,3
cannon_elephant,1920,151,1/2-1/2,60,20,10,10,10,10
cannon_elephant,1921,253,1/2-1/2,8,6,3,3,2,4
cannon_elephant,1922,87,1-0,28,15,8,7,9,6
cannon_elephant,1923,313,1/2-1/2,0,2,0,2,1,1
cannon_elephant,1924,166,1/2-1/2,0,2,0,2,1,1
cannon_elephant,1925,124,0-1,14,8,5,3,3,5
cannon_elephant,1926,212,1/2-1/2,22,10,6,4,5,5
cannon_elephant,1927,189,1/2-1/2,42,12,5,7,7,5
cannon_elephant,1928,267,1/2-1/2,3,3,0,3,2,1
cannon_elephant,1929,152,0-1,24,6,1,5,1,5
cannon_elephant,1930,155,1-0,25,7,2,5,5,2
cannon_elephant,1931,101,1-0,28,12,6,6,8,4
cannon_elephant,1932,167,1-0,15,5,1,4,3,2
cannon_elephant,1933,101,1-0,54,16,5,11,8,8
cannon_elephant,1934,126,0-1,23,13,9,4,5,8
cannon_elephant,1935,187,1-0,16,6,2,4,5,1
cannon_elephant,1936,174,0-1,17,7,3,4,2,5
cannon_elephant,1937,116,1/2-1/2,31,13,7,6,6,7
cannon_elephant,1938,132,1/2-1/2,42,16,8,8,8,8
cannon_elephant,1939,234,0-1,5,3,0,3,1,2
cannon_elephant,1940,153,1-0,19,5,1,4,4,1
cannon_elephant,1941,151,1-0,12,9,5,4,6,3
cannon_elephant,1942,183,1-0,22,8,2,6,6,2
cannon_elephant,1943,263,1/2-1/2,15,9,4,5,4,5
cannon_elephant,1944,168,0-1,18,4,0,4,1,3
cannon_elephant,1945,192,1/2-1/2,33,12,4,8,5,7
cannon_elephant,1946,155,1/2-1/2,8,10,8,2,5,5
cannon_elephant,1947,175,1/2-1/2,11,5,2,3,3,2
cannon_elephant,1948,133,1-0,38,14,5,9,9,5
cannon_elephant,1949,220,0-1,14,4,0,4,1,3
cannon_elephant,1950,130,1/2-1/2,2,4,2,2,2,2
cannon_elephant,1951,188,0-1,13,5,1,4,1,4
cannon_elephant,1952,218,0-1,18,8,3,5,2,6
cannon_elephant,1953,136,0-1,9,3,0,3,1,2
cannon_elephant,1954,132,0-1,17,11,6,5,3,8
cannon_elephant,1955,158,1/2-1/2,27,13,9,4,7,6
cannon_elephant,1956,292,1/2-1/2,20,10,4,6,5,5
cannon_elephant,1957,212,0-1,20,8,4,4,4,4
cannon_elephant,1958,370,1/2-1/2,19,5,1,4,2,3
cannon_elephant,1959,152,0-1,23,9,5,4,2,7
cannon_elephant,1960,175,1/2-1/2,16,12,8,4,6,6
cannon_elephant,1961,271,1-0,10,6,2,4,5,1
cannon_elephant,1962,205,1/2-1/2,11,5,1,4,3,2
cannon_elephant,1963,184,0-1,19,5,0,5,2,3
cannon_elephant,1964,248,1/2-1/2,3,3,0,3,2,1
cannon_elephant,1965,289,1-0,9,3,0,3,2,1
cannon_elephant,1966,90,0-1,43,15,6,9,7,8
cannon_elephant,1967,424,1/2-1/2,11,9,5,4,4,5
cannon_elephant,1968,155,1-0,7,5,2,3,4,1
cannon_elephant,1969,109,1/2-1/2,37,15,9,6,7,8
cannon_elephant,1970,155,1-0,27,11,5,6,6,5
cannon_elephant,1971,360,0-1,20,6,2,4,1,5
cannon_elephant,1972,150,1/2-1/2,0,2,0,2,1,1
cannon_elephant,1973,329,1-0,22,8,4,4,5,3
cannon_elephant,1974,54,1/2-1/2,77,27,12,15,13,14
cannon_elephant,1975,201,1-0,5,3,0,3,2,1
cannon_elephant,1976,168,0-1,19,7,2,5,2,5
cannon_elephant,1977,170,0-1,6,4,0,4,1,3
cannon_elephant,1978,207,1-0,3,3,0,3,2,1
cannon_elephant,1979,145,1/2-1/2,33,14,6,8,8,6
cannon_elephant,1980,90,1/2-1/2,80,26,10,16,13,13
cannon_elephant,1981,113,1-0,12,9,5,4,8,1
cannon_elephant,1982,266,1/2-1/2,33,7,0,7,4,3
cannon_elephant,1983,204,0-1,17,7,3,4,1,6
cannon_elephant,1984,182,0-1,18,6,2,4,3,3
cannon_elephant,1985,187,1/2-1/2,20,6,2,4,3,3
cannon_elephant,1986,217,1-0,10,4,1,3,3,1
cannon_elephant,1987,473,1-0,5,3,0,3,2,1
cannon_elephant,1988,148,0-1,25,11,6,5,6,5
cannon_elephant,1989,265,1-0,10,4,1,3,3,1
cannon_elephant,1990,135,1-0,3,5,3,2,3,2
cannon_elephant,1991,135,1-0,21,7,3,4,6,1
cannon_elephant,1992,208,0-1,22,10,6,4,2,8
cannon_elephant,1993,127,1-0,13,5,1,4,4,1
cannon_elephant,1994,195,1-0,5,3,0,3,2,1
cannon_elephant,1995,196,0-1,18,8,3,5,2,6
cannon_elephant,1996,250,0-1,29,11,6,5,2,9
cannon_elephant,1997,178,0-1,19,5,0,5,2,3
cannon_elephant,1998,113,1/2-1/2,31,17,9,8,8,9
cannon_elephant,1999,156,0-1,20,6,2,4,2,4
cannon_elephant,2000,152,0-1,8,4,0,4,1,3
cannon_elephant,2001,200,0-1,19,5,1,4,1,4
cannon_elephant,2002,140,0-1,29,9,4,5,4,5
cannon_elephant,2003,119,1/2-1/2,28,14,10,4,7,7
cannon_elephant,2004,184,0-1,21,7,2,5,1,6
cannon_elephant,2005,229,1/2-1/2,14,8,2,6,4,4
cannon_elephant,2006,115,1-0,20,10,5,5,6,4
cannon_elephant,2007,149,1-0,3,5,3,2,3,2
cannon_elephant,2008,198,0-1,20,6,1,5,2,4
cannon_elephant,2009,129,1-0,20,11,5,6,6,5
cannon_elephant,2010,133,1/2-1/2,36,14,8,6,7,7
cannon_elephant,2011,100,0-1,30,14,8,6,7,7
cannon_elephant,2012,204,1/2-1/2,8,6,2,4,3,3
cannon_elephant,2013,154,1/2-1/2,10,4,0,4,2,2
cannon_elephant,2014,262,1/2-1/2,19,5,1,4,3,2
cannon_elephant,2015,239,1-0,16,8,4,4,6,2
cannon_elephant,2016,205,1/2-1/2,3,3,0,3,2,1
cannon_elephant,2017,204,1/2-1/2,39,17,9,8,9,8
cannon_elephant,2018,192,0-1,24,10,5,5,3,7
cannon_elephant,2019,153,1-0,21,9,4,5,6,3
cannon_elephant,2020,284,0-1,11,5,2,3,1,4
cannon_elephant,2021,170,0-1,18,8,4,4,2,6
cannon_elephant,2022,148,0-1,26,14,10,4,6,8
cannon_elephant,2023,146,1/2-1/2,0,2,0,2,1,1
cannon_elephant,2024,227,1/2-1/2,11,6,1,5,3,3
cannon_elephant,2025,180,0-1,48,12,5,7,6,6
cannon_elephant,2026,205,1-0,12,6,3,3,4,2
cannon_elephant,2027,152,0-1,21,9,4,5,4,5
cannon_elephant,2028,159,1-0,21,5,0,5,4,1
cannon_elephant,2029,228,1/2-1/2,7,5,1,4,2,3
cannon_elephant,2030,80,1/2-1/2,37,15,9,6,8,7
cannon_elephant,2031,318,1/2-1/2,19,5,1,4,3,2
cannon_elephant,2032,185,1-0,9,5,1,4,4,1
cannon_elephant,2033,200,0-1,18,6,2,4,2,4
cannon_elephant,2034,169,1-0,14,4,0,4,3,1
cannon_elephant,2035,104,1/2-1/2,41,13,7,6,7,6
cannon_elephant,2036,297,1-0,12,4,0,4,3,1
cannon_elephant,2037,214,1/2-1/2,19,5,1,4,3,2
cannon_elephant,2038,218,0-1,42,14,6,8,6,8
cannon_elephant,2039,134,0-1,20,6,1,5,2,4
cannon_elephant,2040,148,0-1,26,10,5,5,3,7
cannon_elephant,2041,196,0-1,17,5,0,5,1,4
cannon_elephant,2042,228,0-1,7,4,0,4,1,3
cannon_elephant,2043,149,1-0,20,6,2,4,5,1
cannon_elephant,2044,160,0-1,12,6,3,3,3,3
cannon_elephant,2045,285,1/2-1/2,7,5,1,4,2,3
cannon_elephant,2046,109,1-0,19,13,8,5,6,7
cannon_elephant,2047,218,0-1,21,7,3,4,1,6
cannon_elephant,2048,305,1-0,4,4,1,3,3,1
cannon_elephant,2049,153,1-0,11,7,3,4,6,1
cannon_elephant,2050,185,1-0,18,4,0,4,3,1
cannon_elephant,2051,240,1/2-1/2,98,32,12,20,16,16
cannon_elephant,2052,188,0-1,33,16,9,7,6,10
cannon_elephant,2053,213,1-0,14,4,0,4,3,1
cannon_elephant,2054,169,1/2-1/2,21,7,3,4,3,4
cannon_elephant,2055,153,1-0,7,5,2,3,4,1
cannon_elephant,2056,159,1-0,20,6,2,4,5,1
cannon_elephant,2057,236,0-1,10,4,0,4,1,3
cannon_elephant,2058,45,1-0,76,27,12,15,15,12
cannon_elephant,2059,160,0-1,22,8,3,5,3,5
cannon_elephant,2060,368,1/2-1/2,8,4,0,4,2,2
cannon_elephant,2061,319,1/2-1/2,0,2,0,2,1,1
cannon_elephant,2062,297,1/2-1/2,20,6,2,4,3,3
cannon_elephant,2063,140,0-1,23,11,6,5,4,7
cannon_elephant,2064,152,0-1,21,7,3,4,2,5
cannon_elephant,2065,206,0-1,12,4,0,4,1,3
cannon_elephant,2066,176,1/2-1/2,22,8,2,6,4,4
cannon_elephant,2067,288,0-1,21,8,2,6,3,5
cannon_elephant,2068,108,1/2-1/2,51,17,9,8,9,8
cannon_elephant,2069,177,1-0,7,5,2,3,4,1
cannon_elephant,2070,115,1-0,25,12,5,7,8,4
cannon_elephant,2071,133,1-0,12,6,3,3,5,1
cannon_elephant,2072,153,1-0,19,5,1,4,3,2
cannon_elephant,2073,195,1/2-1/2,11,5,1,4,3,2
cannon_elephant,2074,296,0-1,9,3,0,3,1,2
cannon_elephant,2075,136,0-1,17,7,3,4,2,5
cannon_elephant,2076,83,1-0,23,12,6,6,6,6
cannon_elephant,2077,157,1-0,14,4,0,4,3,1
cannon_elephant,2078,241,1-0,20,8,3,5,5,3
cannon_elephant,2079,186,0-1,13,5,1,4,2,3
cannon_elephant,2080,360,0-1,10,4,1,3,1,3
cannon_elephant,2081,188,0-1,11,5,2,3,2,3
cannon_elephant,2082,232,1/2-1/2,12,10,6,4,5,5
cannon_elephant,2083,363,1/2-1/2,94,32,14,18,16,16
cannon_elephant,2084,141,1-0,7,7,4,3,5,2
cannon_elephant,2085,147,1-0,16,6,2,4,5,1
cannon_elephant,2086,311,1/2-1/2,11,5,1,4,2,3
cannon_elephant,2087,120,0-1,17,7,3,4,2,5
cannon_elephant,2088,166,0-1,20,6,1,5,2,4
cannon_elephant,2089,194,0-1,5,3,0,3,1,2
cannon_elephant,2090,122,0-1,26,8,3,5,2,6
cannon_elephant,2091,250,0-1,18,4,0,4,1,3
cannon_elephant,2092,174,0-1,18,6,2,4,2,4
cannon_elephant,2093,135,1-0,22,8,4,4,5,3
cannon_elephant,2094,313,1/2-1/2,32,16,11,5,9,7
cannon_elephant,2095,138,0-1,21,9,4,5,3,6
cannon_elephant,2096,177,1-0,10,4,1,3,2,2
cannon_elephant,2097,149,1-0,10,4,1,3,3,1
cannon_elephant,2098,200,0-1,8,4,0,4,1,3
cannon_elephant,2099,163,1-0,18,7,0,7,6,1
cannon_elephant,2100,222,0-1,19,7,3,4,3,4
cannon_elephant,2101,157,1-0,6,6,3,3,5,1
cannon_elephant,2102,289,1-0,13,6,1,5,4,2
cannon_elephant,2103,147,1/2-1/2,10,8,4,4,4,4
cannon_elephant,2104,126,1/2-1/2,14,8,4,4,5,3
cannon_elephant,2105,209,1-0,21,11,5,6,8,3
cannon_elephant,2106,213,1-0,8,4,0,4,3,1
cannon_elephant,2107,146,0-1,32,12,7,5,5,7
cannon_elephant,2108,440,0-1,20,6,2,4,2,4
cannon_elephant,2109,218,0-1,18,4,0,4,1,3
cannon_elephant,2110,413,1-0,12,4,0,4,3,1
cannon_elephant,2111,99,1/2-1/2,42,14,5,9,7,7
cannon_elephant,2112,151,1-0,6,8,6,2,4,4
cannon_elephant,2113,172,0-1,28,8,2,6,1,7
cannon_elephant,2114,163,1-0,21,7,3,4,5,2
cannon_elephant,2115,196,0-1,14,6,2,4,1,5
cannon_elephant,2116,171,1-0,7,5,2,3,3,2
cannon_elephant,2117,142,0-1,18,6,2,4,3,3
cannon_elephant,2118,215,1-0,12,4,0,4,3,1
cannon_elephant,2119,206,0-1,20,10,3,7,4,6
cannon_elephant,2120,110,0-1,22,10,6,4,5,5
cannon_elephant,2121,178,0-1,19,5,1,4,1,4
cannon_elephant,2122,169,1-0,9,3,0,3,2,1
cannon_elephant,2123,145,1/2-1/2,24,10,6,4,5,5
cannon_elephant,2124,225,1-0,18,4,0,4,3,1
cannon_elephant,2125,232,0-1,14,4,0,4,1,3
cannon_elephant,2126,250,1/2-1/2,26,12,8,4,6,6
cannon_elephant,2127,258,0-1,23,7,2,5,1,6
cannon_elephant,2128,181,1-0,16,6,2,4,4,2
cannon_elephant,2129,157,1-0,6,4,1,3,3,1
cannon_elephant,2130,192,0-1,15,5,0,5,1,4
cannon_elephant,2131,152,0-1,19,9,5,4,2,7
cannon_elephant,2132,191,1-0,22,8,4,4,5,3
cannon_elephant,2133,137,1-0,1,3,1,2,2,1
cannon_elephant,2134,123,1-0,24,13,6,7,8,5
cannon_elephant,2135,327,1/2-1/2,18,6,0,6,3,3
cannon_elephant,2136,208,0-1,26,8,3,5,2,6
cannon_elephant,2137,163,1-0,23,8,2,6,6,2
cannon_elephant,2138,150,0-1,21,8,2,6,1,7
cannon_elephant,2139,123,1/2-1/2,33,14,6,8,6,8
cannon_elephant,2140,196,0-1,9,3,0,3,1,2
cannon_elephant,2141,168,0-1,19,7,2,5,2,5
cannon_elephant,2142,166,0-1,24,8,3,5,3,5
cannon_elephant,2143,136,0-1,24,8,3,5,2,6
cannon_elephant,2144,192,0-1,23,7,2,5,3,4
cannon_elephant,2145,213,1-0,19,7,2,5,5,2
cannon_elephant,2146,146,0-1,18,4,0,4,1,3
cannon_elephant,2147,230,1/2-1/2,18,12,8,4,6,6
cannon_elephant,2148,180,0-1,14,7,1,6,2,5
cannon_elephant,2149,357,1-0,15,5,1,4,4,1
cannon_elephant,2150,177,1-0,29,9,3,6,6,3
cannon_elephant,2151,273,1-0,15,5,1,4,4,1
cannon_elephant,2152,125,1-0,7,9,7,2,4,5
cannon_elephant,2153,196,0-1,27,5,0,5,2,3
cannon_elephant,2154,178,0-1,12,4,0,4,1,3
cannon_elephant,2155,173,1-0,17,11,6,5,7,4
cannon_elephant,2156,193,1-0,18,6,1,5,5,1
cannon_elephant,2157,162,0-1,19,10,3,7,2,8
cannon_elephant,2158,203,1-0,7,4,0,4,3,1
cannon_elephant,2159,190,0-1,16,4,0,4,2,2
cannon_elephant,2160,157,1-0,18,8,4,4,5,3
cannon_elephant,2161,194,0-1,11,5,2,3,2,3
cannon_elephant,2162,160,0-1,14,4,0,4,1,3
cannon_elephant,2163,192,0-1,14,4,0,4,1,3
cannon_elephant,2164,156,0-1,29,13,7,6,5,8
cannon_elephant,2165,182,0-1,17,5,0,5,1,4
cannon_elephant,2166,132,0-1,21,7,3,4,1,6
cannon_elephant,2167,147,1-0,42,10,3,7,7,3
cannon_elephant,2168,182,0-1,21,7,2,5,2,5
cannon_elephant,2169,133,1-0,4,6,4,2,3,3
cannon_elephant,2170,174,0-1,32,10,4,6,5,5
cannon_elephant,2171,137,1-0,21,13,9,4,8,5
cannon_elephant,2172,193,1/2-1/2,44,20,12,8,10,10
cannon_elephant,2173,161,1-0,11,5,2,3,4,1
cannon_elephant,2174,187,1-0,14,6,2,4,5,1
cannon_elephant,2175,212,0-1,16,6,1,5,2,4
cannon_elephant,2176,273,1-0,14,6,2,4,5,1
cannon_elephant,2177,177,1/2-1/2,19,13,9,4,6,7
cannon_elephant,2178,136,0-1,26,12,6,6,4,8
cannon_elephant,2179,156,0-1,15,5,1,4,1,4
cannon_elephant,2180,328,0-1,23,9,5,4,2,7
cannon_elephant,2181,168,0-1,12,6,2,4,1,5
cannon_elephant,2182,104,0-1,56,16,6,10,7,9
cannon_elephant,2183,208,0-1,17,5,1,4,2,3
cannon_elephant,2184,145,1/2-1/2,6,8,6,2,4,4
cannon_elephant,2185,175,1/2-1/2,12,10,6,4,5,5
cannon_elephant,2186,154,0-1,29,11,6,5,4,7
cannon_elephant,2187,145,1-0,9,5,1,4,3,2
cannon_elephant,2188,219,1-0,13,5,1,4,4,1
cannon_elephant,2189,171,1-0,3,5,3,2,3,2
cannon_elephant,2190,225,1-0,20,6,2,4,5,1
cannon_elephant,2191,399,1/2-1/2,22,8,4,4,4,4
cannon_elephant,2192,85,1/2-1/2,68,24,10,14,12,12
cannon_elephant,2193,155,1-0,9,9,6,3,6,3
cannon_elephant,2194,124,0-1,21,9,5,4,3,6
cannon_elephant,2195,125,1-0,19,9,5,4,5,4
cannon_elephant,2196,81,1-0,27,13,7,6,8,5
cannon_elephant,2197,136,0-1,33,12,4,8,4,8
cannon_elephant,2198,198,1/2-1/2,1,3,1,2,1,2
cannon_elephant,2199,279,1/2-1/2,96,34,16,18,17,17
cannon_elephant,2200,147,1-0,22,8,3,5,5,3
cannon_elephant,2201,213,1/2-1/2,3,3,0,3,2,1
cannon_elephant,2202,149,1-0,22,8,4,4,5,3
cannon_elephant,2203,108,1/2-1/2,21,9,5,4,4,5
cannon_elephant,2204,205,1/2-1/2,13,6,1,5,3,3
cannon_elephant,2205,117,1-0,23,13,6,7,8,5
cannon_elephant,2206,146,0-1,21,9,4,5,4,5
cannon_elephant,2207,199,1-0,15,7,3,4,5,2
cannon_elephant,2208,177,1-0,4,4,1,3,3,1
cannon_elephant,2209,126,0-1,5,3,0,3,1,2
cannon_elephant,2210,167,1-0,16,6,2,4,5,1
cannon_elephant,2211,159,1/2-1/2,0,2,0,2,1,1
cannon_elephant,2212,112,0-1,20,10,6,4,4,6
cannon_elephant,2213,189,1-0,13,5,1,4,4,1
cannon_elephant,2214,205,1-0,10,4,1,3,3,1
cannon_elephant,2215,61,1/2-1/2,81,25,10,15,12,13
cannon_elephant,2216,190,0-1,14,4,0,4,1,3
cannon_elephant,2217,220,0-1,9,3,0,3,1,2
cannon_elephant,2218,188,0-1,18,7,2,5,1,6
cannon_elephant,2219,157,1-0,14,6,2,4,4,2
cannon_elephant,2220,173,1-0,14,6,2,4,4,2
cannon_elephant,2221,148,1/2-1/2,27,14,8,6,6,8
cannon_elephant,2222,275,1-0,9,3,0,3,2,1
cannon_elephant,2223,253,1/2-1/2,17,9,4,5,4,5
cannon_elephant,2224,183,1-0,27,5,0,5,3,2
cannon_elephant,2225,111,1/2-1/2,49,19,9,10,9,10
cannon_elephant,2226,136,0-1,22,8,4,4,2,6
cannon_elephant,2227,131,1-0,18,10,5,5,6,4
cannon_elephant,2228,277,1/2-1/2,21,5,0,5,2,3
cannon_elephant,2229,207,1/2-1/2,74,24,10,14,12,12
cannon_elephant,2230,161,1/2-1/2,14,12,8,4,6,6
cannon_elephant,2231,166,0-1,16,4,0,4,2,2
cannon_elephant,2232,142,0-1,17,5,1,4,3,2
cannon_elephant,2233,183,1-0,10,4,1,3,3,1
cannon_elephant,2234,109,1-0,18,11,6,5,7,4
cannon_elephant,2235,159,1-0,11,5,2,3,4,1
cannon_elephant,2236,154,0-1,16,10,7,3,3,7
cannon_elephant,2237,167,1-0,28,8,2,6,6,2
cannon_elephant,2238,281,1-0,5,5,2,3,4,1
cannon_elephant,2239,136,0-1,21,9,5,4,5,4
cannon_elephant,2240,223,1-0,12,4,0,4,3,1
cannon_elephant,2241,181,1/2-1/2,76,29,13,16,13,16
cannon_elephant,2242,194,0-1,30,8,2,6,2,6
cannon_elephant,2243,145,1-0,24,9,2,7,8,1
cannon_elephant,2244,184,0-1,18,4,0,4,1,3
cannon_elephant,2245,154,1/2-1/2,14,12,8,4,6,6
cannon_elephant,2246,184,0-1,16,4,0,4,2,2
cannon_elephant,2247,139,1-0,15,10,5,5,8,2
cannon_elephant,2248,141,1-0,14,6,2,4,4,2
cannon_elephant,2249,209,1-0,9,3,0,3,2,1
cannon_elephant,2250,130,0-1,29,9,4,5,3,6
cannon_elephant,2251,131,1-0,20,10,6,4,7,3
cannon_elephant,2252,132,0-1,25,11,6,5,4,7
cannon_elephant,2253,165,1/2-1/2,13,7,3,4,4,3
cannon_elephant,2254,164,0-1,7,5,2,3,2,3
cannon_elephant,2255,139,1/2-1/2,14,8,4,4,4,4
cannon_elephant,2256,71,1-0,61,23,12,11,13,10
cannon_elephant,2257,222,0-1,18,4,0,4,1,3
cannon_elephant,2258,145,1-0,19,5,1,4,4,1
cannon_elephant,2259,212,0-1,22,8,4,4,2,6
cannon_elephant,2260,206,0-1,5,3,0,3,1,2
cannon_elephant,2261,331,1-0,12,4,0,4,3,1
cannon_elephant,2262,175,1-0,24,8,3,5,6,2
cannon_elephant,2263,150,0-1,13,8,3,5,1,7
cannon_elephant,2264,182,0-1,22,8,3,5,4,4
cannon_elephant,2265,164,0-1,24,10,6,4,4,6
cannon_elephant,2266,237,1-0,24,6,0,6,5,1
cannon_elephant,2267,154,0-1,20,8,3,5,2,6
cannon_elephant,2268,113,1/2-1/2,14,8,4,4,4,4
cannon_elephant,2269,191,1-0,18,4,0,4,3,1
cannon_elephant,2270,171,1-0,18,4,0,4,3,1
cannon_elephant,2271,156,0-1,24,10,6,4,4,6
cannon_elephant,2272,214,0-1,16,6,1,5,1,5
cannon_elephant,2273,164,0-1,12,4,0,4,1,3
cannon_elephant,2274,151,1-0,23,13,9,4,7,6
cannon_elephant,2275,303,1/2-1/2,21,5,0,5,2,3
cannon_elephant,2276,207,1/2-1/2,21,11,4,7,5,6
cannon_elephant,2277,140,0-1,21,7,3,4,2,5
cannon_elephant,2278,222,0-1,16,5,0,5,1,4
cannon_elephant,2279,289,1/2-1/2,81,28,14,14,15,13
cannon_elephant,2280,369,1/2-1/2,11,5,1,4,2,3
cannon_elephant,2281,132,1/2-1/2,52,18,10,8,9,9
cannon_elephant,2282,145,1-0,17,9,5,4,7,2
cannon_elephant,2283,131,1-0,11,9,6,3,6,3
cannon_elephant,2284,138,1/2-1/2,21,7,3,4,3,4
cannon_elephant,2285,209,1-0,9,3,0,3,2,1
cannon_elephant,2286,227,1-0,9,3,0,3,2,1
cannon_elephant,2287,192,0-1,18,4,0,4,1,3
cannon_elephant,2288,248,0-1,18,4,0,4,1,3
cannon_elephant,2289,150,0-1,17,7,3,4,1,6
cannon_elephant,2290,149,1/2-1/2,50,14,4,10,7,7
cannon_elephant,2291,180,0-1,8,4,0,4,1,3
cannon_elephant,2292,136,0-1,10,4,1,3,1,3
cannon_elephant,2293,127,1-0,17,11,8,3,6,5
cannon_elephant,2294,222,0-1,5,3,0,3,1,2
cannon_elephant,2295,162,0-1,21,7,3,4,2,5
cannon_elephant,2296,197,1-0,20,6,2,4,5,1
cannon_elephant,2297,233,1-0,5,3,0,3,2,1
cannon_elephant,2298,205,1/2-1/2,0,2,0,2,1,1
cannon_elephant,2299,449,1-0,5,3,0,3,2,1
cannon_elephant,2300,154,0-1,11,5,1,4,1,4
cannon_elephant,2301,120,1/2-1/2,10,8,4,4,4,4
cannon_elephant,2302,168,0-1,10,4,1,3,1,3
cannon_elephant,2303,134,0-1,17,7,3,4,2,5
cannon_elephant,2304,145,1-0,19,8,3,5,5,3
cannon_elephant,2305,146,0-1,17,5,1,4,2,3
cannon_elephant,2306,150,0-1,16,10,7,3,4,6
cannon_elephant,2307,201,1-0,10,4,0,4,3,1
cannon_elephant,2308,167,1-0,17,7,3,4,5,2
cannon_elephant,2309,117,1-0,14,9,4,5,5,4
cannon_elephant,2310,229,1-0,23,7,2,5,5,2
cannon_elephant,2311,170,0-1,9,3,0,3,1,2
cannon_elephant,2312,365,1/2-1/2,35,19,12,7,10,9
cannon_elephant,2313,215,1-0,19,5,1,4,4,1
cannon_elephant,2314,163,1-0,14,6,2,4,4,2
cannon_elephant,2315,180,0-1,5,3,0,3,1,2
cannon_elephant,2316,160,1/2-1/2,9,7,3,4,4,3
cannon_elephant,2317,288,0-1,25,5,0,5,2,3
cannon_elephant,2318,252,0-1,5,3,0,3,1,2
cannon_elephant,2319,264,1/2-1/2,26,8,1,7,4,4
cannon_elephant,2320,156,0-1,18,6,2,4,3,3
cannon_elephant,2321,226,0-1,14,4,0,4,1,3
cannon_elephant,2322,107,1/2-1/2,22,12,6,6,6,6
cannon_elephant,2323,176,0-1,20,6,2,4,1,5
cannon_elephant,2324,224,0-1,12,4,0,4,1,3
cannon_elephant,2325,205,1-0,8,8,5,3,3,5
cannon_elephant,2326,175,1-0,14,6,2,4,4,2
cannon_elephant,2327,152,0-1,14,4,0,4,1,3
cannon_elephant,2328,133,1-0,29,13,7,6,7,6
cannon_elephant,2329,201,1-0,14,4,0,4,3,1
cannon_elephant,2330,135,1/2-1/2,35,13,6,7,8,5
cannon_elephant,2331,138,0-1,15,7,3,4,3,4
cannon_elephant,2332,297,1/2-1/2,14,16,14,2,8,8
cannon_elephant,2333,132,0-1,24,10,6,4,3,7
cannon_elephant,2334,173,1-0,11,9,5,4,5,4
cannon_elephant,2335,334,1/2-1/2,19,7,2,5,5,2
cannon_elephant,2336,115,1/2-1/2,40,16,9,7,8,8
cannon_elephant,2337,157,1/2-1/2,14,8,4,4,3,5
cannon_elephant,2338,233,1-0,9,3,0,3,2,1
cannon_elephant,2339,135,1-0,10,6,2,4,4,2
cannon_elephant,2340,437,1-0,10,4,1,3,3,1
cannon_elephant,2341,169,1/2-1/2,17,11,6,5,5,6
cannon_elephant,2342,150,1/2-1/2,13,6,1,5,3,3
cannon_elephant,2343,235,1-0,3,3,0,3,2,1
cannon_elephant,2344,294,1/2-1/2,31,9,4,5,4,5
cannon_elephant,2345,126,0-1,19,7,3,4,3,4
cannon_elephant,2346,224,1/2-1/2,72,28,14,14,14,14
cannon_elephant,2347,132,0-1,5,3,0,3,1,2
cannon_elephant,2348,192,0-1,21,5,0,5,2,3
cannon_elephant,2349,260,0-1,9,3,0,3,1,2
cannon_elephant,2350,166,0-1,13,5,1,4,1,4
cannon_elephant,2351,144,0-1,26,12,7,5,5,7
cannon_elephant,2352,167,1-0,17,7,3,4,6,1
cannon_elephant,2353,147,1-0,17,9,5,4,7,2
cannon_elephant,2354,116,1/2-1/2,34,12,6,6,6,6
cannon_elephant,2355,158,0-1,15,5,1,4,1,4
cannon_elephant,2356,179,1/2-1/2,20,6,2,4,3,3
cannon_elephant,2357,252,1/2-1/2,10,8,4,4,4,4
cannon_elephant,2358,227,1/2-1/2,53,21,12,9,11,10
cannon_elephant,2359,200,0-1,21,5,0,5,1,4
cannon_elephant,2360,142,0-1,14,7,2,5,3,4
cannon_elephant,2361,154,1/2-1/2,14,8,4,4,4,4
cannon_elephant,2362,128,0-1,19,9,5,4,4,5
cannon_elephant,2363,132,1/2-1/2,3,3,0,3,1,2
cannon_elephant,2364,215,1/2-1/2,69,26,12,14,12,14
cannon_elephant,2365,183,1-0,12,4,0,4,3,1
cannon_elephant,2366,146,0-1,25,11,6,5,4,7
cannon_elephant,2367,142,0-1,20,8,4,4,3,5
cannon_elephant,2368,214,0-1,7,4,0,4,1,3
cannon_elephant,2369,180,0-1,17,6,1,5,1,5
cannon_elephant,2370,169,1-0,12,4,0,4,3,1
cannon_elephant,2371,127,1-0,16,12,8,4,7,5
cannon_elephant,2372,193,1-0,18,4,0,4,3,1
cannon_elephant,2373,240,0-1,9,3,0,3,1,2
cannon_elephant,2374,91,1-0,45,15,5,10,9,6
cannon_elephant,2375,265,1-0,8,4,0,4,3,1
cannon_elephant,2376,245,1-0,5,3,0,3,2,1
cannon_elephant,2377,166,0-1,14,6,2,4,1,5
cannon_elephant,2378,165,1-0,10,4,1,3,3,1
cannon_elephant,2379,315,1/2-1/2,6,4,0,4,3,1
cannon_elephant,2380,166,0-1,22,8,4,4,1,7
cannon_elephant,2381,290,0-1,18,6,2,4,3,3
cannon_elephant,2382,185,1-0,11,5,2,3,4,1
cannon_elephant,2383,163,1-0,27,11,6,5,7,4
cannon_elephant,2384,285,1/2-1/2,11,5,1,4,3,2
cannon_elephant,2385,156,0-1,49,14,5,9,7,7
cannon_elephant,2386,156,0-1,20,8,3,5,2,6
cannon_elephant,2387,132,0-1,11,5,1,4,1,4
cannon_elephant,2388,207,1/2-1/2,24,10,6,4,5,5
cannon_elephant,2389,262,0-1,8,4,0,4,1,3
cannon_elephant,2390,147,1-0,8,4,0,4,3,1
cannon_elephant,2391,190,0-1,5,3,0,3,1,2
cannon_elephant,2392,158,1/2-1/2,24,10,6,4,5,5
cannon_elephant,2393,124,1/2-1/2,34,14,9,5,7,7
cannon_elephant,2394,177,1-0,23,11,6,5,8,3
cannon_elephant,2395,176,1/2-1/2,102,36,16,20,18,18
cannon_elephant,2396,320,0-1,8,4,0,4,1,3
cannon_elephant,2397,176,0-1,12,6,3,3,1,5
cannon_elephant,2398,119,1-0,12,7,2,5,6,1
cannon_elephant,2399,202,0-1,17,5,0,5,1,4
cannon_elephant,2400,161,1-0,20,10,6,4,6,4
cannon_elephant,2401,118,1/2-1/2,31,15,7,8,8,7
cannon_elephant,2402,173,1-0,4,4,1,3,3,1
cannon_elephant,2403,206,1/2-1/2,18,10,6,4,4,6
cannon_elephant,2404,146,1/2-1/2,25,12,6,6,7,5
cannon_elephant,2405,97,1-0,34,15,7,8,9,6
cannon_elephant,2406,230,0-1,25,5,0,5,2,3
cannon_elephant,2407,174,0-1,12,6,3,3,1,5
cannon_elephant,2408,361,1-0,15,9,6,3,5,4
cannon_elephant,2409,152,0-1,21,9,4,5,3,6
cannon_elephant,2410,173,1-0,36,8,1,7,6,2
cannon_elephant,2411,140,0-1,12,7,2,5,3,4
cannon_elephant,2412,187,1/2-1/2,0,2,0,2,1,1
cannon_elephant,2413,155,1-0,21,9,4,5,7,2
cannon_elephant,2414,226,0-1,22,6,1,5,1,5
cannon_elephant,2415,232,0-1,22,6,1,5,1,5
cannon_elephant,2416,236,1/2-1/2,9,11,9,2,5,6
cannon_elephant,2417,258,0-1,7,5,2,3,1,4
cannon_elephant,2418,165,1-0,32,14,9,5,9,5
cannon_elephant,2419,202,1/2-1/2,44,12,4,8,5,7
cannon_elephant,2420,134,0-1,20,6,1,5,2,4
cannon_elephant,2421,141,1-0,13,8,3,5,5,3
cannon_elephant,2422,145,1-0,28,13,7,6,6,7
cannon_elephant,2423,219,1-0,9,3,0,3,2,1
cannon_elephant,2424,244,0-1,12,4,0,4,1,3
cannon_elephant,2425,214,0-1,20,8,3,5,2,6
cannon_elephant,2426,201,1-0,20,8,3,5,6,2
cannon_elephant,2427,179,1-0,20,6,2,4,4,2
cannon_elephant,2428,294,0-1,16,8,3,5,2,6
cannon_elephant,2429,125,1-0,20,6,2,4,5,1
cannon_elephant,2430,393,1-0,18,10,6,4,6,4
cannon_elephant,2431,184,0-1,10,4,1,3,1,3
cannon_elephant,2432,157,1-0,13,5,1,4,4,1
cannon_elephant,2433,224,1/2-1/2,17,8,2,6,4,4
cannon_elephant,2434,140,0-1,22,8,3,5,3,5
cannon_elephant,2435,201,1-0,10,4,1,3,3,1
cannon_elephant,2436,184,0-1,22,8,3,5,3,5
cannon_elephant,2437,132,0-1,21,9,3,6,5,4
cannon_elephant,2438,251,1/2-1/2,6,4,0,4,2,2
cannon_elephant,2439,179,1-0,5,3,0,3,2,1
cannon_elephant,2440,111,1-0,8,10,8,2,6,4
cannon_elephant,2441,160,0-1,9,6,2,4,1,5
cannon_elephant,2442,181,1-0,9,3,0,3,2,1
cannon_elephant,2443,117,1-0,12,6,3,3,3,3
cannon_elephant,2444,126,0-1,19,9,5,4,3,6
cannon_elephant,2445,141,1/2-1/2,0,2,0,2,1,1
cannon_elephant,2446,200,0-1,7,4,0,4,1,3
cannon_elephant,2447,143,1-0,32,10,4,6,6,4
cannon_elephant,2448,146,1/2-1/2,37,13,5,8,6,7
cannon_elephant,2449,137,1-0,12,6,3,3,4,2
cannon_elephant,2450,174,0-1,18,10,6,4,3,7
cannon_elephant,2451,127,1/2-1/2,13,11,7,4,6,5
cannon_elephant,2452,218,0-1,23,7,2,5,2,5
cannon_elephant,2453,136,0-1,16,8,4,4,2,6
cannon_elephant,2454,218,0-1,17,5,0,5,1,4
cannon_elephant,2455,106,0-1,15,7,3,4,2,5
cannon_elephant,2456,96,1/2-1/2,30,13,7,6,7,6
cannon_elephant,2457,181,1-0,3,3,0,3,2,1
cannon_elephant,2458,215,1-0,19,5,1,4,4,1
cannon_elephant,2459,266,1/2-1/2,13,5,1,4,1,4
cannon_elephant,2460,181,1-0,22,8,4,4,6,2
cannon_elephant,2461,184,0-1,19,5,0,5,2,3
cannon_elephant,2462,124,0-1,14,6,2,4,2,4
cannon_elephant,2463,150,0-1,9,5,1,4,1,4
cannon_elephant,2464,158,0-1,13,5,1,4,1,4
cannon_elephant,2465,202,0-1,25,7,1,6,2,5
cannon_elephant,2466,257,1/2-1/2,12,4,0,4,2,2
cannon_elephant,2467,136,0-1,18,8,4,4,2,6
cannon_elephant,2468,182,1/2-1/2,28,9,2,7,3,6
cannon_elephant,2469,187,1-0,21,8,2,6,7,1
cannon_elephant,2470,222,0-1,19,9,5,4,3,6
cannon_elephant,2471,76,0-1,85,27,11,16,13,14
cannon_elephant,2472,202,0-1,21,9,4,5,2,7
cannon_elephant,2473,141,1/2-1/2,9,7,3,4,4,3
cannon_elephant,2474,314,0-1,14,4,0,4,1,3
cannon_elephant,2475,328,0-1,5,3,0,3,1,2
cannon_elephant,2476,186,1/2-1/2,0,2,0,2,1,1
cannon_elephant,2477,150,0-1,18,8,4,4,2,6
cannon_elephant,2478,151,1-0,9,6,2,4,5,1
cannon_elephant,2479,81,1-0,24,13,6,7,5,8
cannon_elephant,2480,134,0-1,16,6,2,4,1,5
cannon_elephant,2481,212,1/2-1/2,73,25,12,13,13,12
cannon_elephant,2482,142,0-1,33,9,3,6,5,4
cannon_elephant,2483,180,0-1,15,5,1,4,1,4
cannon_elephant,2484,100,0-1,24,8,3,5,4,4
cannon_elephant,2485,295,1/2-1/2,70,26,16,10,13,13
cannon_elephant,2486,142,0-1,21,9,5,4,4,5
cannon_elephant,2487,151,1-0,8,8,5,3,5,3
cannon_elephant,2488,153,1/2-1/2,3,3,0,3,2,1
cannon_elephant,2489,293,1-0,21,10,5,5,8,2
cannon_elephant,2490,217,1-0,17,5,0,5,4,1
cannon_elephant,2491,250,0-1,18,4,0,4,1,3
cannon_elephant,2492,424,0-1,11,5,2,3,1,4
cannon_elephant,2493,207,1-0,9,3,0,3,2,1
cannon_elephant,2494,254,0-1,9,3,0,3,1,2
cannon_elephant,2495,117,1-0,18,8,4,4,7,1
cannon_elephant,2496,167,1-0,14,8,5,3,5,3
cannon_elephant,2497,137,1-0,3,5,3,2,4,1
cannon_elephant,2498,152,0-1,21,7,2,5,3,4
cannon_elephant,2499,168,0-1,28,8,3,5,4,4
cannon_elephant,2500,167,1-0,7,5,2,3,4,1
cannon_elephant,2501,159,1-0,9,7,4,3,5,2
cannon_elephant,2502,214,0-1,17,7,3,4,2,5
cannon_elephant,2503,154,0-1,24,10,6,4,5,5
cannon_elephant,2504,217,1/2-1/2,0,2,0,2,1,1
cannon_elephant,2505,226,0-1,25,11,3,8,4,7
cannon_elephant,2506,379,1/2-1/2,58,24,12,12,12,12
cannon_elephant,2507,204,1/2-1/2,37,19,10,9,9,10
cannon_elephant,2508,162,0-1,13,7,4,3,2,5
cannon_elephant,2509,228,0-1,19,5,1,4,2,3
cannon_elephant,2510,181,1-0,5,5,2,3,3,2
cannon_elephant,2511,115,1/2-1/2,0,2,0,2,1,1
cannon_elephant,2512,299,1-0,5,5,2,3,3,2
cannon_elephant,2513,219,1/2-1/2,17,8,2,6,3,5
cannon_elephant,2514,161,1-0,15,5,1,4,4,1
cannon_elephant,2515,230,0-1,21,5,0,5,3,2
cannon_elephant,2516,148,1/2-1/2,21,13,8,5,6,7
cannon_elephant,2517,144,0-1,14,8,5,3,3,5
cannon_elephant,2518,164,0-1,19,7,3,4,3,4
cannon_elephant,2519,170,0-1,20,7,1,6,2,5
cannon_elephant,2520,194,0-1,14,4,0,4,1,3
cannon_elephant,2521,161,1-0,18,4,0,4,3,1
cannon_elephant,2522,383,1-0,15,5,1,4,4,1
cannon_elephant,2523,196,0-1,19,5,1,4,1,4
cannon_elephant,2524,249,1/2-1/2,20,6,2,4,3,3
cannon_elephant,2525,147,1-0,15,5,1,4,3,2
cannon_elephant,2526,189,1-0,22,8,4,4,7,1
cannon_elephant,2527,315,1/2-1/2,13,5,0,5,2,3
cannon_elephant,2528,181,1-0,16,6,1,5,5,1
cannon_elephant,2529,220,0-1,12,4,0,4,1,3
cannon_elephant,2530,187,1-0,11,5,2,3,4,1
cannon_elephant,2531,158,0-1,25,9,4,5,2,7
cannon_elephant,2532,180,1/2-1/2,0,2,0,2,1,1
cannon_elephant,2533,129,1-0,25,14,8,6,9,5
cannon_elephant,2534,215,1-0,9,3,0,3,2,1
cannon_elephant,2535,230,0-1,5,3,0,3,1,2
cannon_elephant,2536,184,0-1,5,3,0,3,1,2
cannon_elephant,2537,85,1/2-1/2,38,12,5,7,5,7
cannon_elephant,2538,151,1/2-1/2,0,2,0,2,1,1
cannon_elephant,2539,178,0-1,14,8,5,3,3,5
cannon_elephant,2540,179,1-0,21,11,6,5,7,4
cannon_elephant,2541,145,1/2-1/2,0,2,0,2,1,1
cannon_elephant,2542,199,1-0,13,5,1,4,4,1
cannon_elephant,2543,269,1/2-1/2,94,32,14,18,16,16
cannon_elephant,2544,370,0-1,22,8,4,4,4,4
cannon_elephant,2545,132,0-1,25,13,8,5,6,7
cannon_elephant,2546,180,0-1,21,7,2,5,3,4
cannon_elephant,2547,192,0-1,10,4,1,3,1,3
cannon_elephant,2548,153,1-0,18,4,0,4,3,1
cannon_elephant,2549,204,0-1,15,7,3,4,2,5
cannon_elephant,2550,164,1/2-1/2,3,3,0,3,1,2
cannon_elephant,2551,330,0-1,20,7,1,6,1,6
cannon_elephant,2552,261,1/2-1/2,3,3,0,3,1,2
cannon_elephant,2553,232,1/2-1/2,20,6,2,4,3,3
cannon_elephant,2554,144,0-1,18,8,4,4,3,5
cannon_elephant,2555,241,1-0,22,8,4,4,6,2
cannon_elephant,2556,189,1-0,17,5,0,5,4,1
cannon_elephant,2557,106,1/2-1/2,42,20,14,6,10,10
cannon_elephant,2558,155,1/2-1/2,24,10,6,4,5,5
cannon_elephant,2559,94,1/2-1/2,28,15,9,6,8,7
cannon_elephant,2560,187,1-0,5,3,0,3,2,1
cannon_elephant,2561,157,1/2-1/2,23,9,5,4,5,4
cannon_elephant,2562,218,1/2-1/2,0,2,0,2,1,1
cannon_elephant,2563,257,1-0,20,6,2,4,5,1
cannon_elephant,2564,181,1-0,3,3,0,3,2,1
cannon_elephant,2565,277,1-0,6,4,1,3,3,1
cannon_elephant,2566,204,0-1,21,7,1,6,1,6
cannon_elephant,2567,168,0-1,31,10,3,7,5,5
cannon_elephant,2568,115,1-0,18,4,0,4,3,1
cannon_elephant,2569,380,0-1,21,11,7,4,3,8
cannon_elephant,2570,123,1-0,21,7,2,5,6,1
cannon_elephant,2571,194,1/2-1/2,6,4,1,3,2,2
cannon_elephant,2572,154,0-1,21,9,4,5,2,7
cannon_elephant,2573,241,1-0,5,3,0,3,2,1
cannon_elephant,2574,262,1/2-1/2,16,8,3,5,4,4
cannon_elephant,2575,158,0-1,31,11,5,6,4,7
cannon_elephant,2576,171,1-0,20,6,2,4,4,2
cannon_elephant,2577,150,0-1,10,4,0,4,1,3
cannon_elephant,2578,224,0-1,19,5,0,5,2,3
cannon_elephant,2579,165,1-0,0,2,0,2,1,1
cannon_elephant,2580,204,1/2-1/2,10,4,0,4,2,2
cannon_elephant,2581,499,1/2-1/2,13,11,7,4,5,6
cannon_elephant,2582,290,1/2-1/2,13,5,0,5,2,3
cannon_elephant,2583,409,1-0,8,4,0,4,3,1
cannon_elephant,2584,167,1/2-1/2,96,34,16,18,17,17
cannon_elephant,2585,131,1/2-1/2,10,12,10,2,6,6
cannon_elephant,2586,210,0-1,20,6,1,5,2,4
cannon_elephant,2587,162,0-1,17,5,1,4,3,2
cannon_elephant,2588,213,1/2-1/2,0,2,0,2,1,1
cannon_elephant,2589,190,0-1,21,9,4,5,1,8
cannon_elephant,2590,182,0-1,22,8,4,4,1,7
cannon_elephant,2591,120,1/2-1/2,35,17,11,6,9,8
cannon_elephant,2592,135,1-0,20,6,2,4,5,1
cannon_elephant,2593,200,0-1,17,5,1,4,2,3
cannon_elephant,2594,161,1-0,19,5,1,4,4,1
cannon_elephant,2595,136,1/2-1/2,0,2,0,2,1,1
cannon_elephant,2596,217,1-0,10,4,1,3,3,1
cannon_elephant,2597,207,1/2-1/2,8,6,2,4,3,3
cannon_elephant,2598,208,0-1,22,6,0,6,2,4
cannon_elephant,2599,169,1-0,17,10,4,6,6,4
cannon_elephant,2600,191,1-0,4,4,1,3,3,1
cannon_elephant,2601,172,0-1,14,4,0,4,1,3
cannon_elephant,2602,326,1/2-1/2,6,4,0,4,2,2
cannon_elephant,2603,163,1-0,14,6,1,5,5,1
cannon_elephant,2604,178,1/2-1/2,16,14,10,4,7,7
cannon_elephant,2605,193,1/2-1/2,25,5,0,5,3,2
cannon_elephant,2606,217,1/2-1/2,20,6,2,4,3,3
cannon_elephant,2607,109,1-0,19,14,9,5,9,5
cannon_elephant,2608,133,1/2-1/2,45,17,7,10,8,9
cannon_elephant,2609,412,1/2-1/2,19,5,1,4,2,3
cannon_elephant,2610,130,1/2-1/2,13,6,1,5,3,3
cannon_elephant,2611,214,0-1,8,4,0,4,1,3
cannon_elephant,2612,308,1/2-1/2,6,4,0,4,2,2
cannon_elephant,2613,176,1/2-1/2,52,15,3,12,8,7
cannon_elephant,2614,210,0-1,19,5,1,4,1,4
cannon_elephant,2615,279,1/2-1/2,6,4,0,4,2,2
cannon_elephant,2616,173,1-0,13,5,1,4,4,1
cannon_elephant,2617,171,1-0,21,7,3,4,5,2
cannon_elephant,2618,154,0-1,14,6,2,4,1,5
cannon_elephant,2619,108,0-1,29,11,6,5,4,7
cannon_elephant,2620,221,1-0,9,3,0,3,2,1
cannon_elephant,2621,297,1/2-1/2,18,4,0,4,2,2
cannon_elephant,2622,137,1-0,8,6,3,3,4,2
cannon_elephant,2623,150,0-1,17,5,1,4,3,2
cannon_elephant,2624,164,1/2-1/2,14,8,4,4,3,5
cannon_elephant,2625,173,1-0,18,4,0,4,3,1
cannon_elephant,2626,162,0-1,17,9,5,4,3,6
cannon_elephant,2627,150,0-1,18,10,6,4,4,6
cannon_elephant,2628,175,1-0,19,5,1,4,4,1
cannon_elephant,2629,121,1-0,8,8,5,3,4,4
cannon_elephant,2630,120,1/2-1/2,10,12,10,2,6,6
cannon_elephant,2631,136,0-1,21,9,4,5,4,5
cannon_elephant,2632,172,0-1,17,5,1,4,2,3
cannon_elephant,2633,157,1-0,16,5,0,5,4,1
cannon_elephant,2634,153,1-0,21,7,3,4,5,2
cannon_elephant,2635,142,0-1,17,9,5,4,4,5
cannon_elephant,2636,169,1-0,15,5,1,4,3,2
cannon_elephant,2637,147,1-0,19,9,4,5,6,3
cannon_elephant,2638,150,0-1,27,11,6,5,4,7
cannon_elephant,2639,174,0-1,28,8,3,5,2,6
cannon_elephant,2640,140,0-1,27,7,2,5,3,4
cannon_elephant,2641,144,1/2-1/2,3,3,0,3,1,2
cannon_elephant,2642,186,0-1,23,9,5,4,2,7
cannon_elephant,2643,142,0-1,17,9,5,4,1,8
cannon_elephant,2644,109,1-0,24,12,7,5,7,5
cannon_elephant,2645,274,0-1,14,6,2,4,1,5
cannon_elephant,2646,306,0-1,27,10,3,7,3,7
cannon_elephant,2647,126,0-1,18,4,0,4,1,3
cannon_elephant,2648,153,1/2-1/2,42,15,6,9,7,8
cannon_elephant,2649,192,1/2-1/2,4,4,1,3,2,2
cannon_elephant,2650,127,1/2-1/2,27,17,11,6,9,8
cannon_elephant,2651,341,1-0,7,4,0,4,3,1
cannon_elephant,2652,170,0-1,21,9,5,4,2,7
cannon_elephant,2653,212,0-1,31,7,1,6,3,4
cannon_elephant,2654,117,1-0,12,10,7,3,8,2
cannon_elephant,2655,157,1-0,12,8,4,4,5,3
cannon_elephant,2656,222,1/2-1/2,45,17,9,8,9,8
cannon_elephant,2657,178,0-1,5,3,0,3,1,2
cannon_elephant,2658,157,1-0,4,4,1,3,3,1
cannon_elephant,2659,328,1/2-1/2,21,5,0,5,2,3
cannon_elephant,2660,229,1/2-1/2,3,3,0,3,2,1
cannon_elephant,2661,112,0-1,22,12,7,5,4,8
cannon_elephant,2662,155,1-0,21,7,3,4,5,2
cannon_elephant,2663,163,1/2-1/2,5,7,5,2,3,4
cannon_elephant,2664,166,0-1,36,10,3,7,5,5
cannon_elephant,2665,187,1-0,13,5,1,4,4,1
cannon_elephant,2666,77,1/2-1/2,87,27,10,17,15,12
cannon_elephant,2667,264,0-1,19,5,0,5,2,3
cannon_elephant,2668,195,1-0,5,3,0,3,2,1
cannon_elephant,2669,439,1/2-1/2,3,3,0,3,1,2
cannon_elephant,2670,153,1-0,13,5,1,4,4,1
cannon_elephant,2671,176,1/2-1/2,5,5,2,3,2,3
cannon_elephant,2672,114,0-1,19,9,5,4,3,6
cannon_elephant,2673,171,1-0,19,9,5,4,6,3
cannon_elephant,2674,214,0-1,11,5,2,3,1,4
cannon_elephant,2675,178,1/2-1/2,36,15,8,7,7,8
cannon_elephant,2676,182,0-1,11,5,2,3,1,4
cannon_elephant,2677,88,1/2-1/2,32,14,6,8,6,8
cannon_elephant,2678,441,1-0,15,5,1,4,4,1
cannon_elephant,2679,147,1-0,11,5,2,3,3,2
cannon_elephant,2680,171,1/2-1/2,24,10,6,4,5,5
cannon_elephant,2681,104,0-1,26,16,11,5,7,9
cannon_elephant,2682,249,1/2-1/2,0,2,0,2,1,1
cannon_elephant,2683,179,1-0,19,5,1,4,4,1
cannon_elephant,2684,137,1/2-1/2,34,19,11,8,9,10
cannon_elephant,2685,202,0-1,21,9,4,5,3,6
cannon_elephant,2686,133,1/2-1/2,6,8,6,2,4,4
cannon_elephant,2687,242,0-1,17,6,1,5,1,5
cannon_elephant,2688,225,1/2-1/2,65,25,14,11,12,13
cannon_elephant,2689,116,0-1,21,9,5,4,4,5
cannon_elephant,2690,242,1/2-1/2,1,3,1,2,1,2
cannon_elephant,2691,226,0-1,21,7,1,6,1,6
cannon_elephant,2692,482,1/2-1/2,101,35,15,20,17,18
cannon_elephant,2693,139,1/2-1/2,22,8,4,4,5,3
cannon_elephant,2694,196,0-1,19,5,0,5,2,3
cannon_elephant,2695,167,1-0,12,4,0,4,3,1
cannon_elephant,2696,182,0-1,14,6,2,4,1,5
cannon_elephant,2697,132,0-1,22,11,6,5,3,8
cannon_elephant,2698,103,1-0,17,9,5,4,8,1
cannon_elephant,2699,191,1-0,9,5,1,4,4,1
cannon_elephant,2700,120,1/2-1/2,25,11,7,4,6,5
cannon_elephant,2701,171,1-0,17,7,3,4,5,2
cannon_elephant,2702,168,0-1,10,6,2,4,1,5
cannon_elephant,2703,196,0-1,15,5,1,4,1,4
cannon_elephant,2704,508,1/2-1/2,0,2,0,2,1,1
